Tropics,GEO3,594,GEO3_comms,21355.71799017511,21600.0
Tropics,GEO3,590,GEO3_comms,4199.003417811306,5318.905080294052
Tropics,GEO3,589,GEO3_comms,0.0,1026.7527189727396
Tropics,GEO3,592,GEO3_comms,12774.459488103106,13905.386569296612
Tropics,GEO3,593,GEO3_comms,17063.91833956383,18196.40748299998
Tropics,GEO3,591,GEO3_comms,8486.709274237612,9612.386184276851
Tropics,SAT9,1200,FFSS_22.0_FOR,3180.3336120695208,3235.629260062433
Tropics,SAT9,1200,FFSS_22.0_FOR,9132.844972952464,9188.430538141174
Tropics,SAT9,669,FFSS_22.0_FOR,13355.99820253791,13410.372654396211
Tropics,SAT9,1191,FFSS_22.0_FOR,14333.35757673621,14389.26816738648
Tropics,SAT9,1191,FFSS_22.0_FOR,20282.416751843026,20337.786726011844
Tropics,SAT9,422,FFSS_22.0_FOR,10748.124671084322,10804.158906881657
Tropics,SAT9,249,FFSS_22.0_FOR,7001.621721390344,7056.357497707947
Tropics,SAT9,946,FFSS_22.0_FOR,19467.974461106412,19522.218077615278
Tropics,SAT9,1141,FFSS_22.0_FOR,8629.737693903035,8685.131626910306
Tropics,SAT9,1141,FFSS_22.0_FOR,20577.984234931366,20634.29048378047
Tropics,SAT9,1196,FFSS_22.0_FOR,8797.272393249958,8852.540328818695
Tropics,SAT9,1196,FFSS_22.0_FOR,14750.058360198733,14805.53161511339
Tropics,SAT9,821,FFSS_22.0_FOR,2153.7155036028344,2208.3894688974647
Tropics,SAT9,1190,FFSS_22.0_FOR,20198.222281454793,20253.505740001656
Tropics,SAT9,1136,FFSS_22.0_FOR,14199.70319596432,14254.609454101232
Tropics,SAT9,1136,FFSS_22.0_FOR,20163.140479236245,20173.122327262055
Tropics,SAT9,834,FFSS_22.0_FOR,21331.632641551223,21387.723430720827
Tropics,SAT9,1188,FFSS_22.0_FOR,20032.905230817312,20088.539597380404
Tropics,SAT9,383,FFSS_22.0_FOR,7152.518097609738,7207.431130386017
Tropics,SAT9,813,FFSS_22.0_FOR,13572.223616034858,13626.446297928698
Tropics,SAT9,1194,FFSS_22.0_FOR,8634.026589835325,8690.320844371416
Tropics,SAT9,1194,FFSS_22.0_FOR,14581.666613220212,14637.013117351898
Tropics,SAT9,1194,FFSS_22.0_FOR,20532.700903494297,20588.54802128708
Tropics,SAT9,1203,FFSS_22.0_FOR,3432.598857342093,3488.1211061585714
Tropics,SAT9,14,FFSS_22.0_FOR,708.8787315847445,764.7804063996502
Tropics,SAT9,454,FFSS_22.0_FOR,7248.524499188985,7304.194132335502
Tropics,SAT9,741,FFSS_22.0_FOR,13433.875580405376,13487.658388483165
Tropics,SAT9,495,FFSS_22.0_FOR,4863.680919247761,4920.392428894289
Tropics,SAT9,417,FFSS_22.0_FOR,16396.24082604271,16451.71358060854
Tropics,SAT9,845,FFSS_22.0_FOR,10095.964392157535,10152.808918285835
Tropics,SAT9,740,FFSS_22.0_FOR,13373.402412710311,13428.55321897037
Tropics,SAT9,487,FFSS_22.0_FOR,16289.70372537907,16345.24811552478
Tropics,SAT9,774,FFSS_22.0_FOR,10103.553919518856,10159.605812170164
Tropics,SAT9,979,FFSS_22.0_FOR,4052.865602775443,4109.611556993772
Tropics,SAT9,239,FFSS_22.0_FOR,18260.236592583395,18315.25237247766
Tropics,SAT9,459,FFSS_22.0_FOR,1596.7633938956606,1651.5075686589737
Tropics,SAT9,746,FFSS_22.0_FOR,7781.245143907633,7835.267102964128
Tropics,SAT9,563,FFSS_22.0_FOR,10526.700486190848,10582.872484423031
Tropics,SAT9,1142,FFSS_22.0_FOR,2755.5180113554825,2812.069388166888
Tropics,SAT9,1142,FFSS_22.0_FOR,8709.136538312754,8765.538944202683
Tropics,SAT9,1142,FFSS_22.0_FOR,20657.210926227286,20712.822882535354
Tropics,SAT9,1145,FFSS_22.0_FOR,2983.329182783201,3039.023340676829
Tropics,SAT9,1145,FFSS_22.0_FOR,14932.017975693076,14988.052471429444
Tropics,SAT9,840,FFSS_22.0_FOR,15745.004568097705,15800.848763997315
Tropics,SAT9,354,FFSS_22.0_FOR,10853.570893248583,10909.325152195515
Tropics,SAT9,1135,FFSS_22.0_FOR,14125.138394956934,14180.977953612852
Tropics,SAT9,1135,FFSS_22.0_FOR,20081.363550458627,20138.143555832445
Tropics,SAT9,219,FFSS_22.0_FOR,16676.367060006152,16733.231151184467
Tropics,SAT9,175,FFSS_22.0_FOR,18108.219174803362,18163.895535116648
Tropics,SAT9,1132,FFSS_22.0_FOR,19847.241078176685,19902.292344642025
Tropics,SAT9,1042,FFSS_22.0_FOR,4037.8317099150936,4093.7106375403564
Tropics,SAT9,176,FFSS_22.0_FOR,18177.97618236069,18232.540004751536
Tropics,SAT9,10,FFSS_22.0_FOR,374.99198505233636,430.7005374007837
Tropics,SAT9,10,FFSS_22.0_FOR,6327.273302229556,6382.893962251453
Tropics,SAT9,736,FFSS_22.0_FOR,19086.448080394603,19140.320590610532
Tropics,SAT9,110,FFSS_22.0_FOR,5645.16762408194,5702.202571114896
Tropics,SAT9,750,FFSS_22.0_FOR,2068.5305496419574,2122.4301143557173
Tropics,SAT9,878,FFSS_22.0_FOR,19311.863965652385,19365.970991249917
Tropics,SAT9,162,FFSS_22.0_FOR,11161.53740394393,11217.806015876706
Tropics,SAT9,751,FFSS_22.0_FOR,2128.5765648979595,2183.161886567932
Tropics,SAT9,224,FFSS_22.0_FOR,11061.932120085543,11117.579518293685
Tropics,SAT9,882,FFSS_22.0_FOR,13610.023557760884,13664.864394855931
Tropics,SAT9,1155,FFSS_22.0_FOR,3788.9321107178216,3845.8644423357573
Tropics,SAT9,590,FFSS_22.0_FOR,18821.724304486524,18877.003777298443
Tropics,SAT9,12,FFSS_22.0_FOR,543.7874126847412,599.3513581636503
Tropics,SAT9,1205,FFSS_22.0_FOR,3594.9120373977335,3651.6997257516023
Tropics,SAT9,700,FFSS_22.0_FOR,15948.598307196402,16003.918408216778
Tropics,SAT9,62,FFSS_22.0_FOR,6345.545385563096,6402.41586406634
Tropics,SAT9,62,FFSS_22.0_FOR,12301.118272843385,12357.517982864347
Tropics,SAT9,225,FFSS_22.0_FOR,11130.453307503747,11186.762455967591
Tropics,SAT9,517,FFSS_22.0_FOR,18718.62922723738,18773.570249654997
Tropics,SAT9,775,FFSS_22.0_FOR,10164.539533821173,10219.861676663148
Tropics,SAT9,486,FFSS_22.0_FOR,16229.263551959075,16285.0969299786
Tropics,SAT9,167,FFSS_22.0_FOR,5448.5873099948785,5504.678534210873
Tropics,SAT9,164,FFSS_22.0_FOR,11307.752040153033,11364.57212281123
Tropics,SAT9,227,FFSS_22.0_FOR,5313.438552997306,5371.1204045027725
Tropics,SAT9,674,FFSS_22.0_FOR,7699.000789718993,7754.000025295858
Tropics,SAT9,353,FFSS_22.0_FOR,10790.556927998616,10846.362238092042
Tropics,SAT9,908,FFSS_22.0_FOR,15657.343985061756,15714.384569305257
Tropics,SAT9,310,FFSS_22.0_FOR,12715.836655435065,12770.580249808747
Tropics,SAT9,705,FFSS_22.0_FOR,10291.64291924558,10347.303091599853
Tropics,SAT9,254,FFSS_22.0_FOR,1370.03687756837,1390.1692283536581
Tropics,SAT9,951,FFSS_22.0_FOR,13838.902129720875,13894.094937073443
Tropics,SAT9,1189,FFSS_22.0_FOR,20114.867948476214,20170.148619361975
Tropics,SAT9,109,FFSS_22.0_FOR,5570.733277867161,5626.53442055411
Tropics,SAT9,13,FFSS_22.0_FOR,627.206499559415,682.7620462543529
Tropics,SAT9,163,FFSS_22.0_FOR,11233.596748272088,11289.343291740555
Tropics,SAT9,1204,FFSS_22.0_FOR,3514.8822625742137,3570.7314502041445
Tropics,SAT9,971,FFSS_22.0_FOR,15443.193816056772,15498.730165244593
Tropics,SAT9,1195,FFSS_22.0_FOR,8714.815064990593,8770.284351437505
Tropics,SAT9,1195,FFSS_22.0_FOR,14666.04436096425,14721.45974205181
Tropics,SAT9,1195,FFSS_22.0_FOR,20612.668403947675,20669.472936645754
Tropics,SAT9,1081,FFSS_22.0_FOR,8400.411378207922,8455.101686933864
Tropics,SAT9,595,FFSS_22.0_FOR,13161.095353065459,13215.835267527555
Tropics,SAT9,1198,FFSS_22.0_FOR,3015.0736275568993,3070.73616046348
Tropics,SAT9,1198,FFSS_22.0_FOR,8965.287199195674,9020.68864915215
Tropics,SAT9,1198,FFSS_22.0_FOR,14913.719537323359,14970.104739600501
Tropics,SAT9,247,FFSS_22.0_FOR,6869.138564066767,6925.892425873246
Tropics,SAT9,177,FFSS_22.0_FOR,18243.986220571336,18299.60909721101
Tropics,SAT9,252,FFSS_22.0_FOR,1242.2647780968905,1297.3225747813717
Tropics,SAT9,949,FFSS_22.0_FOR,13709.605936797123,13765.302452753944
Tropics,SAT9,1041,FFSS_22.0_FOR,3970.383908221062,4025.9426866606145
Tropics,SAT9,108,FFSS_22.0_FOR,5498.429575142237,5554.524141734588
Tropics,SAT9,822,FFSS_22.0_FOR,2214.748120385874,2268.7226923249177
Tropics,SAT9,319,FFSS_22.0_FOR,1374.8595107513825,1429.513790118729
Tropics,SAT9,884,FFSS_22.0_FOR,13735.99614200297,13792.049956159235
Tropics,SAT9,1134,FFSS_22.0_FOR,20001.29375344668,20056.998928735775
Tropics,SAT9,1193,FFSS_22.0_FOR,14497.685922200213,14552.95331571269
Tropics,SAT9,1193,FFSS_22.0_FOR,20450.462313688335,20505.973162971302
Tropics,SAT9,568,FFSS_22.0_FOR,4869.756946703353,4926.661990084651
Tropics,SAT9,839,FFSS_22.0_FOR,15684.168035707049,15739.611704664889
Tropics,SAT9,378,FFSS_22.0_FOR,12799.536387127078,12855.580160818361
Tropics,SAT9,1143,FFSS_22.0_FOR,2829.3761406845706,2884.4553942494354
Tropics,SAT9,1143,FFSS_22.0_FOR,8790.360331553888,8847.835571359035
Tropics,SAT9,1143,FFSS_22.0_FOR,14768.6891724815,14826.56187481102
Tropics,SAT9,1143,FFSS_22.0_FOR,20733.611745385304,20789.269315111902
Tropics,SAT9,966,FFSS_22.0_FOR,21070.84685948673,21127.50912856151
Tropics,SAT9,557,FFSS_22.0_FOR,16124.060538880842,16179.680084343792
Tropics,SAT9,1150,FFSS_22.0_FOR,9363.250644661537,9418.785989031918
Tropics,SAT9,527,FFSS_22.0_FOR,7405.687002570469,7459.639243327508
Tropics,SAT9,633,FFSS_22.0_FOR,10321.510433006853,10356.528100275831
Tropics,SAT9,5,FFSS_22.0_FOR,5908.511653881342,5964.4772580503995
Tropics,SAT9,5,FFSS_22.0_FOR,11860.98241887496,11916.58446884998
Tropics,SAT9,5,FFSS_22.0_FOR,17805.744797438616,17862.809297830052
Tropics,SAT9,314,FFSS_22.0_FOR,7012.419917786857,7068.3248404444585
Tropics,SAT9,879,FFSS_22.0_FOR,19374.763814766182,19429.450246871755
Tropics,SAT9,809,FFSS_22.0_FOR,19281.541053556088,19337.18313152928
Tropics,SAT9,1023,FFSS_22.0_FOR,2538.372435224611,2592.8826930167897
Tropics,SAT9,67,FFSS_22.0_FOR,780.1886299795716,835.7189099426807
Tropics,SAT9,668,FFSS_22.0_FOR,13296.810733212387,13350.75299675092
Tropics,SAT9,48,FFSS_22.0_FOR,17226.33702219291,17282.460640583497
Tropics,SAT9,2,FFSS_22.0_FOR,11608.672049225937,11664.535368803923
Tropics,SAT9,2,FFSS_22.0_FOR,17561.652671949643,17617.22958857523
Tropics,SAT9,596,FFSS_22.0_FOR,13220.109982749182,13273.8976633133
Tropics,SAT9,1038,FFSS_22.0_FOR,9719.13776295647,9775.248729629307
Tropics,SAT9,189,FFSS_22.0_FOR,1200.2001644979075,1255.0624485682117
Tropics,SAT9,425,FFSS_22.0_FOR,4977.454352505368,5034.125439441074
Tropics,SAT9,181,FFSS_22.0_FOR,12562.799957980887,12618.117790620383
Tropics,SAT9,180,FFSS_22.0_FOR,12496.256693558997,12550.852867263178
Tropics,SAT9,56,FFSS_22.0_FOR,5848.679197263724,5905.420521697716
Tropics,SAT9,56,FFSS_22.0_FOR,17798.12408181347,17853.650414442316
Tropics,SAT9,101,FFSS_22.0_FOR,16988.033133878605,17044.38594372971
Tropics,SAT9,1037,FFSS_22.0_FOR,9652.223964836581,9707.690864829177
Tropics,SAT9,708,FFSS_22.0_FOR,4538.062626411603,4571.989814180695
Tropics,SAT9,765,FFSS_22.0_FOR,21469.4448103159,21524.875347698613
Tropics,SAT9,1029,FFSS_22.0_FOR,21015.67524499869,21071.086680839304
Tropics,SAT9,460,FFSS_22.0_FOR,1657.6084979512514,1711.5388422354165
Tropics,SAT9,959,FFSS_22.0_FOR,2450.0585662664303,2504.2903214905614
Tropics,SAT9,284,FFSS_22.0_FOR,16654.21351317404,16710.147891834138
Tropics,SAT9,981,FFSS_22.0_FOR,4183.232342518784,4239.708733603551
Tropics,SAT9,445,FFSS_22.0_FOR,18614.731983300066,18669.41018103469
Tropics,SAT9,492,FFSS_22.0_FOR,10637.126725469026,10693.250159810104
Tropics,SAT9,779,FFSS_22.0_FOR,4451.551357882919,4507.027336390509
Tropics,SAT9,455,FFSS_22.0_FOR,7310.259706197634,7364.1119956468665
Tropics,SAT9,742,FFSS_22.0_FOR,13493.792195534917,13549.361463259283
Tropics,SAT9,673,FFSS_22.0_FOR,7640.061810212722,7693.808225123318
Tropics,SAT9,1076,FFSS_22.0_FOR,13991.637917863449,14046.831792556575
Tropics,SAT9,1091,FFSS_22.0_FOR,15199.836095949613,15255.31221803796
Tropics,SAT9,972,FFSS_22.0_FOR,15507.692527236475,15563.51928420109
Tropics,SAT9,892,FFSS_22.0_FOR,2331.6122548375147,2385.7160910540847
Tropics,SAT9,126,FFSS_22.0_FOR,972.4694740169866,1027.6732327423408
Tropics,SAT9,117,FFSS_22.0_FOR,12220.268063924297,12277.725486369547
Tropics,SAT9,532,FFSS_22.0_FOR,1748.9871383608477,1802.7597879845332
Tropics,SAT9,1100,FFSS_22.0_FOR,3943.257044638771,4000.4054381007954
Tropics,SAT9,1086,FFSS_22.0_FOR,2811.8624593513473,2868.031096442627
Tropics,SAT9,1086,FFSS_22.0_FOR,20788.127636854308,20844.459201100504
Tropics,SAT9,60,FFSS_22.0_FOR,202.77213739827516,259.8247625790215
Tropics,SAT9,60,FFSS_22.0_FOR,12151.61549903927,12206.924663865306
Tropics,SAT9,8,FFSS_22.0_FOR,208.530378538307,264.653226797673
Tropics,SAT9,8,FFSS_22.0_FOR,6160.236226220491,6215.865019165294
Tropics,SAT9,8,FFSS_22.0_FOR,12107.132416079941,12163.688250207615
Tropics,SAT9,389,FFSS_22.0_FOR,1565.751355596733,1620.2369323062867
Tropics,SAT9,817,FFSS_22.0_FOR,7862.99250246384,7916.876455546417
Tropics,SAT9,634,FFSS_22.0_FOR,10358.99864061095,10414.264393637766
Tropics,SAT9,638,FFSS_22.0_FOR,4638.544376340777,4695.3774334492
Tropics,SAT9,1138,FFSS_22.0_FOR,14355.112953046815,14411.156609607464
Tropics,SAT9,533,FFSS_22.0_FOR,1807.4988214012837,1862.6041607595812
Tropics,SAT9,677,FFSS_22.0_FOR,1923.4718768194384,1978.3758491372528
Tropics,SAT9,1018,FFSS_22.0_FOR,8153.258212996221,8209.388348542168
Tropics,SAT9,1137,FFSS_22.0_FOR,14276.364587607544,14331.511284242928
Tropics,SAT9,427,FFSS_22.0_FOR,5100.060740607641,5157.091696728696
Tropics,SAT9,629,FFSS_22.0_FOR,16019.783683438554,16075.22604187732
Tropics,SAT9,359,FFSS_22.0_FOR,5214.835401498029,5271.652118633812
Tropics,SAT9,305,FFSS_22.0_FOR,18353.309007831893,18409.365718089146
Tropics,SAT9,769,FFSS_22.0_FOR,15755.254223348533,15812.201983863593
Tropics,SAT9,955,FFSS_22.0_FOR,8144.401611540072,8198.977611367078
Tropics,SAT9,1078,FFSS_22.0_FOR,14137.123546315699,14192.826414376665
Tropics,SAT9,348,FFSS_22.0_FOR,16429.682658832662,16486.689007737677
Tropics,SAT9,125,FFSS_22.0_FOR,895.8854574763009,952.7650019570308
Tropics,SAT9,1087,FFSS_22.0_FOR,20862.78058165775,20918.253056315745
Tropics,SAT9,1092,FFSS_22.0_FOR,15270.2865886333,15326.825832105984
Tropics,SAT9,893,FFSS_22.0_FOR,2394.956979519685,2451.1696819555445
Tropics,SAT9,960,FFSS_22.0_FOR,2515.623470650738,2571.613641150154
Tropics,SAT9,1015,FFSS_22.0_FOR,13901.599093426388,13955.963162063903
Tropics,SAT9,1034,FFSS_22.0_FOR,15400.367846393883,15456.762376814915
Tropics,SAT9,1033,FFSS_22.0_FOR,15333.98783091907,15389.405073725406
Tropics,SAT9,185,FFSS_22.0_FOR,6881.5380039930715,6936.602867232985
Tropics,SAT9,115,FFSS_22.0_FOR,18034.602067942855,18089.435512053027
Tropics,SAT9,1024,FFSS_22.0_FOR,2606.3013142418818,2661.088325317205
Tropics,SAT9,124,FFSS_22.0_FOR,6778.218528471402,6834.417513247583
Tropics,SAT9,184,FFSS_22.0_FOR,6814.460925728416,6869.132384644057
Tropics,SAT9,1093,FFSS_22.0_FOR,9385.82533513275,9443.581730442886
Tropics,SAT9,947,FFSS_22.0_FOR,19533.580254120545,19589.646908835803
Tropics,SAT9,968,FFSS_22.0_FOR,21201.001223423973,21257.54117264433
Tropics,SAT9,1019,FFSS_22.0_FOR,8219.970979431595,8274.385210770417
Tropics,SAT9,835,FFSS_22.0_FOR,21393.631531932777,21448.95415311792
Tropics,SAT9,121,FFSS_22.0_FOR,6558.1015922487595,6615.264013613941
Tropics,SAT9,228,FFSS_22.0_FOR,5330.895836512675,5387.379401020493
Tropics,SAT9,384,FFSS_22.0_FOR,7214.430567659706,7268.4520520809265
Tropics,SAT9,812,FFSS_22.0_FOR,13511.218493514818,13565.472051551958
Tropics,SAT9,1096,FFSS_22.0_FOR,9606.802405613873,9663.627906173544
Tropics,SAT9,1020,FFSS_22.0_FOR,8288.134870617952,8343.12347835948
Tropics,SAT9,289,FFSS_22.0_FOR,11025.62535595167,11082.962831615128
Tropics,SAT9,66,FFSS_22.0_FOR,700.062989243751,756.5665158767199
Tropics,SAT9,780,FFSS_22.0_FOR,4511.696137639813,4567.464099642725
Tropics,SAT9,52,FFSS_22.0_FOR,11494.788183204995,11551.237854136732
Tropics,SAT9,105,FFSS_22.0_FOR,11340.358286426701,11396.37996638488
Tropics,SAT9,105,FFSS_22.0_FOR,17302.15708068201,17360.194841655426
Tropics,SAT9,1151,FFSS_22.0_FOR,3478.519056183012,3535.8252374535364
Tropics,SAT9,1151,FFSS_22.0_FOR,9437.535595345882,9493.877885841666
Tropics,SAT9,53,FFSS_22.0_FOR,5618.137544531091,5675.016178268577
Tropics,SAT9,53,FFSS_22.0_FOR,11575.030132088417,11632.437049274535
Tropics,SAT9,104,FFSS_22.0_FOR,11266.248960455436,11323.815169588759
Tropics,SAT9,104,FFSS_22.0_FOR,17220.7296336771,17277.819848653653
Tropics,SAT9,745,FFSS_22.0_FOR,7721.016601364144,7775.371673083275
Tropics,SAT9,518,FFSS_22.0_FOR,18778.745727626225,18832.54254866021
Tropics,SAT9,699,FFSS_22.0_FOR,15888.577020073228,15944.60573292291
Tropics,SAT9,451,FFSS_22.0_FOR,13022.563064558817,13076.968694685971
Tropics,SAT9,1144,FFSS_22.0_FOR,2905.29855069508,2960.268832997501
Tropics,SAT9,1144,FFSS_22.0_FOR,14851.225514667894,14908.182739806734
Tropics,SAT9,1144,FFSS_22.0_FOR,20806.677383700124,20863.647832965526
Tropics,SAT9,1133,FFSS_22.0_FOR,19923.213817776446,19978.182108142435
Tropics,SAT9,766,FFSS_22.0_FOR,21529.50882127081,21585.33239931117
Tropics,SAT9,522,FFSS_22.0_FOR,13062.237205497107,13116.578714561678
Tropics,SAT9,358,FFSS_22.0_FOR,5151.485139843608,5206.908092325874
Tropics,SAT9,592,FFSS_22.0_FOR,18938.850197769232,18994.200562121856
Tropics,SAT9,1139,FFSS_22.0_FOR,8477.149864303292,8532.527918721647
Tropics,SAT9,1139,FFSS_22.0_FOR,14435.777008725958,14492.914870141309
Tropics,SAT9,916,FFSS_22.0_FOR,4255.207466687873,4310.526625455783
Tropics,SAT9,315,FFSS_22.0_FOR,7077.401769503835,7131.55421694206
Tropics,SAT9,903,FFSS_22.0_FOR,21297.76731127964,21353.517261614128
Tropics,SAT9,375,FFSS_22.0_FOR,18571.699747305953,18625.93253217035
Tropics,SAT9,709,FFSS_22.0_FOR,4575.6155845802095,4630.882937141585
Tropics,SAT9,446,FFSS_22.0_FOR,18675.49441944127,18729.456249695235
Tropics,SAT9,160,FFSS_22.0_FOR,16970.3723506805,17026.993972400294
Tropics,SAT9,977,FFSS_22.0_FOR,9876.173682869861,9910.473042334115
Tropics,SAT9,771,FFSS_22.0_FOR,15876.402006719465,15933.044951171383
Tropics,SAT9,221,FFSS_22.0_FOR,16812.358424468817,16868.921970616473
Tropics,SAT9,1140,FFSS_22.0_FOR,8552.388172489233,8607.27439685061
Tropics,SAT9,1140,FFSS_22.0_FOR,20496.54774873255,20553.81624243867
Tropics,SAT9,223,FFSS_22.0_FOR,10994.892988516662,11052.138030949674
Tropics,SAT9,528,FFSS_22.0_FOR,7464.700441916582,7519.155448661989
Tropics,SAT9,672,FFSS_22.0_FOR,7579.94076276139,7635.663436021594
Tropics,SAT9,253,FFSS_22.0_FOR,1307.91929686978,1362.2989077983334
Tropics,SAT9,950,FFSS_22.0_FOR,13773.75746601119,13827.919814633531
Tropics,SAT9,114,FFSS_22.0_FOR,0.0,39.88451349349232
Tropics,SAT9,114,FFSS_22.0_FOR,17960.22703720994,18015.939954479538
Tropics,SAT9,220,FFSS_22.0_FOR,16743.588670611,16799.20598002207
Tropics,SAT9,818,FFSS_22.0_FOR,7924.01911401783,7979.028281257521
Tropics,SAT9,158,FFSS_22.0_FOR,16824.672476875603,16881.148307587606
Tropics,SAT9,1080,FFSS_22.0_FOR,8328.466757715121,8383.485982042926
Tropics,SAT9,311,FFSS_22.0_FOR,12779.178789948535,12833.462789613643
Tropics,SAT9,63,FFSS_22.0_FOR,6426.395543296931,6482.208029229777
Tropics,SAT9,523,FFSS_22.0_FOR,13121.785594918832,13175.804835097348
Tropics,SAT9,907,FFSS_22.0_FOR,15596.268472325219,15651.56607300404
Tropics,SAT9,1154,FFSS_22.0_FOR,3715.776397210864,3771.4346399460915
Tropics,SAT9,694,FFSS_22.0_FOR,21544.819201666887,21600.0
Tropics,SAT9,59,FFSS_22.0_FOR,123.20001643503934,179.36183975233266
Tropics,SAT9,59,FFSS_22.0_FOR,12072.34297149669,12128.480913172123
Tropics,SAT9,975,FFSS_22.0_FOR,9748.246110557337,9804.254829922314
Tropics,SAT9,243,FFSS_22.0_FOR,12564.906081131001,12620.666068899842
Tropics,SAT9,678,FFSS_22.0_FOR,1983.2353643157496,2036.997658495669
Tropics,SAT9,976,FFSS_22.0_FOR,9813.974716008091,9869.41341783035
Tropics,SAT9,1085,FFSS_22.0_FOR,2737.5165515796034,2792.290275343317
Tropics,SAT9,128,FFSS_22.0_FOR,1114.624593334907,1171.1442818655685
Tropics,SAT9,1073,FFSS_22.0_FOR,19726.30013705727,19780.89798803041
Tropics,SAT9,102,FFSS_22.0_FOR,17063.519691110523,17119.299222564197
Tropics,SAT9,663,FFSS_22.0_FOR,18953.472509148425,19007.823642840067
Tropics,SAT9,120,FFSS_22.0_FOR,12441.750460723013,12497.666266667851
Tropics,SAT9,379,FFSS_22.0_FOR,12862.6716941961,12916.692513670256
Tropics,SAT9,807,FFSS_22.0_FOR,19159.38999400461,19214.487337090526
Tropics,SAT9,1082,FFSS_22.0_FOR,8474.474659100237,8530.402415641665
Tropics,SAT9,1097,FFSS_22.0_FOR,3723.6394335626555,3781.1314053541832
Tropics,SAT9,55,FFSS_22.0_FOR,5769.751980412046,5825.712269139224
Tropics,SAT9,55,FFSS_22.0_FOR,17718.053227099444,17774.54454007563
Tropics,SAT9,61,FFSS_22.0_FOR,284.1569094258628,342.1585369039464
Tropics,SAT9,61,FFSS_22.0_FOR,6262.930370143519,6320.851958956255
Tropics,SAT9,61,FFSS_22.0_FOR,12228.043051100216,12283.264715141173
Tropics,SAT9,1077,FFSS_22.0_FOR,14063.339428793726,14117.970762816898
Tropics,SAT9,1089,FFSS_22.0_FOR,15072.563779153259,15105.996101327171
Tropics,SAT9,116,FFSS_22.0_FOR,18105.220615544094,18160.889369006814
Tropics,SAT9,166,FFSS_22.0_FOR,5380.305875887817,5436.029541483596
Tropics,SAT9,350,FFSS_22.0_FOR,16555.833801161763,16612.530711591808
Tropics,SAT9,915,FFSS_22.0_FOR,4190.984516183046,4247.295974729052
Tropics,SAT9,1199,FFSS_22.0_FOR,3097.002706804925,3152.299341997376
Tropics,SAT9,1199,FFSS_22.0_FOR,9049.516433312194,9104.969283815675
Tropics,SAT9,11,FFSS_22.0_FOR,459.44700344430873,515.0995304118627
Tropics,SAT9,11,FFSS_22.0_FOR,6408.167641873582,6464.342781047552
Tropics,SAT9,418,FFSS_22.0_FOR,16457.612946607842,16500.47957306857
Tropics,SAT9,306,FFSS_22.0_FOR,18418.45557567071,18472.636700820425
Tropics,SAT9,6,FFSS_22.0_FOR,5991.607357229426,6047.361047871401
Tropics,SAT9,6,FFSS_22.0_FOR,11944.786418056885,12000.332532557522
Tropics,SAT9,912,FFSS_22.0_FOR,9956.634894270568,10012.471479638505
Tropics,SAT9,491,FFSS_22.0_FOR,10576.866916232975,10632.257351282082
Tropics,SAT9,1152,FFSS_22.0_FOR,3560.004450474275,3616.3478828260636
Tropics,SAT9,65,FFSS_22.0_FOR,617.9436601348996,675.5419643016489
Tropics,SAT9,65,FFSS_22.0_FOR,6580.191625003812,6635.626256035441
Tropics,SAT9,357,FFSS_22.0_FOR,5088.638904421054,5145.501486137205
Tropics,SAT9,635,FFSS_22.0_FOR,10417.267860857466,10473.492484811191
Tropics,SAT9,1197,FFSS_22.0_FOR,2934.9196250025884,2991.7258042431367
Tropics,SAT9,1197,FFSS_22.0_FOR,8880.963038685206,8936.28309783579
Tropics,SAT9,1197,FFSS_22.0_FOR,14832.889701769924,14888.578770889642
Tropics,SAT9,320,FFSS_22.0_FOR,1438.0433226503917,1492.3690981067523
Tropics,SAT9,421,FFSS_22.0_FOR,10686.893010853912,10742.389631619695
Tropics,SAT9,849,FFSS_22.0_FOR,4387.851552516042,4443.348961830903
Tropics,SAT9,606,FFSS_22.0_FOR,1898.015138453268,1952.2700910438468
Tropics,SAT9,1098,FFSS_22.0_FOR,3800.480257863881,3856.3430002534756
Tropics,SAT9,119,FFSS_22.0_FOR,12371.615602719066,12426.44353278466
Tropics,SAT9,531,FFSS_22.0_FOR,1688.3303472181267,1743.9853577601386
Tropics,SAT9,287,FFSS_22.0_FOR,10895.150454855326,10951.431686668631
Tropics,SAT9,1202,FFSS_22.0_FOR,3348.8694549534284,3404.3097756928532
Tropics,SAT9,1202,FFSS_22.0_FOR,9293.534274667201,9350.860320637792
Tropics,SAT9,967,FFSS_22.0_FOR,21137.713351353173,21193.058445053328
Tropics,SAT9,679,FFSS_22.0_FOR,2041.962787750256,2097.7942927661484
Tropics,SAT9,15,FFSS_22.0_FOR,788.0148051814954,845.0271266950997
Tropics,SAT9,283,FFSS_22.0_FOR,16589.21814024171,16644.964306473463
Tropics,SAT9,980,FFSS_22.0_FOR,4119.840758569365,4175.200924293063
Tropics,SAT9,1187,FFSS_22.0_FOR,19952.7109586958,20009.4666500242
Tropics,SAT9,103,FFSS_22.0_FOR,17141.107099229328,17197.299716931724
Tropics,SAT9,68,FFSS_22.0_FOR,857.6728177573099,912.7993029190854
Tropics,SAT9,54,FFSS_22.0_FOR,5692.901608787684,5748.734467011919
Tropics,SAT9,54,FFSS_22.0_FOR,11656.966220072709,11715.258174430768
Tropics,SAT9,54,FFSS_22.0_FOR,17635.971877826894,17693.558873136924
Tropics,SAT9,558,FFSS_22.0_FOR,16183.598793209754,16239.246426302012
Tropics,SAT9,630,FFSS_22.0_FOR,16078.334229985556,16134.131672209922
Tropics,SAT9,426,FFSS_22.0_FOR,5038.764019085856,5094.114358366041
Tropics,SAT9,349,FFSS_22.0_FOR,16492.519805779157,16547.947873261193
Tropics,SAT9,1030,FFSS_22.0_FOR,21081.522273401988,21138.25313838688
Tropics,SAT9,179,FFSS_22.0_FOR,12425.967695539464,12481.948526329976
Tropics,SAT9,664,FFSS_22.0_FOR,19012.945719719544,19066.90481710731
Tropics,SAT9,1074,FFSS_22.0_FOR,19799.808796439465,19855.303822319085
Tropics,SAT9,187,FFSS_22.0_FOR,1061.2407415933383,1117.928554135345
Tropics,SAT9,1011,FFSS_22.0_FOR,19583.25813048565,19637.616777481056
Tropics,SAT9,51,FFSS_22.0_FOR,11416.524755510487,11472.351646250585
Tropics,SAT9,1149,FFSS_22.0_FOR,9285.795793183714,9341.601631846908
Tropics,SAT9,887,FFSS_22.0_FOR,7970.769246240636,8024.843950074586
Tropics,SAT9,1148,FFSS_22.0_FOR,9205.719174442898,9262.3635356854
Tropics,SAT9,1016,FFSS_22.0_FOR,13970.00687946406,14025.234219996877
Tropics,SAT9,106,FFSS_22.0_FOR,11416.524755510485,11472.351646250581
Tropics,SAT9,122,FFSS_22.0_FOR,6635.110746784522,6690.4644018158815
Tropics,SAT9,69,FFSS_22.0_FOR,931.9694726301432,987.7695474724878
Tropics,SAT9,1040,FFSS_22.0_FOR,3899.2085239516846,3956.450404849399
Tropics,SAT9,1147,FFSS_22.0_FOR,3145.096834063059,3175.619738714592
Tropics,SAT9,1147,FFSS_22.0_FOR,9123.669925232629,9181.272167469802
Tropics,SAT9,1147,FFSS_22.0_FOR,15085.757591223482,15141.681540609772
Tropics,SAT9,292,FFSS_22.0_FOR,5265.534300149987,5321.062943787828
Tropics,SAT9,954,FFSS_22.0_FOR,8079.657645408483,8134.039765062828
Tropics,SAT9,1,FFSS_22.0_FOR,11526.536273990529,11582.882885836158
Tropics,SAT9,1,FFSS_22.0_FOR,17477.320944857835,17532.986444715814
Tropics,SAT9,49,FFSS_22.0_FOR,17308.99424809425,17364.795168275832
Tropics,SAT9,704,FFSS_22.0_FOR,10232.17305719267,10287.715999927883
Tropics,SAT9,188,FFSS_22.0_FOR,1132.5890683345667,1187.3772837916347
Tropics,SAT9,1012,FFSS_22.0_FOR,19651.9184863195,19707.420328208173
Tropics,SAT9,906,FFSS_22.0_FOR,15531.886439597483,15588.302465023102
Tropics,SAT9,58,FFSS_22.0_FOR,45.66589065502766,101.43378069253744
Tropics,SAT9,58,FFSS_22.0_FOR,11990.840026849464,12048.076053200637
Tropics,SAT9,58,FFSS_22.0_FOR,17949.753363036918,18005.602259562962
Tropics,SAT9,1153,FFSS_22.0_FOR,3639.296382766994,3694.9330904338167
Tropics,SAT9,64,FFSS_22.0_FOR,6504.804366431314,6559.974678755315
Tropics,SAT9,380,FFSS_22.0_FOR,12922.783212687862,12977.749177102003
Tropics,SAT9,808,FFSS_22.0_FOR,19220.463452157266,19274.34050361055
Tropics,SAT9,601,FFSS_22.0_FOR,7559.0874324634415,7613.051748461432
Tropics,SAT9,970,FFSS_22.0_FOR,15375.067596893832,15432.69462290606
Tropics,SAT9,640,FFSS_22.0_FOR,4756.159318154191,4812.925638937026
Tropics,SAT9,248,FFSS_22.0_FOR,6937.198572986301,6991.755302952432
Tropics,SAT9,945,FFSS_22.0_FOR,19403.543112354495,19458.399076368973
Tropics,SAT9,159,FFSS_22.0_FOR,16896.49279068382,16952.209694260877
Tropics,SAT9,605,FFSS_22.0_FOR,1839.6244940213628,1893.627944961501
Tropics,SAT9,497,FFSS_22.0_FOR,4984.532131135806,5041.554588392239
Tropics,SAT9,1095,FFSS_22.0_FOR,9536.83342899733,9592.340234819141
Tropics,SAT9,1036,FFSS_22.0_FOR,9581.577918129042,9638.471342111017
Tropics,SAT9,1131,FFSS_22.0_FOR,19773.33514031775,19829.817901723265
Tropics,SAT9,770,FFSS_22.0_FOR,15817.127428823575,15872.339005667096
Tropics,SAT9,1088,FFSS_22.0_FOR,20933.70983848429,20989.99827641574
Tropics,SAT9,244,FFSS_22.0_FOR,12631.704286428467,12686.039274620924
Tropics,SAT9,288,FFSS_22.0_FOR,10959.805192474829,11015.392451726231
Tropics,SAT9,1146,FFSS_22.0_FOR,3063.3548784384357,3120.1222345897577
Tropics,SAT9,1146,FFSS_22.0_FOR,15010.3893140099,15065.915478323628
Tropics,SAT9,240,FFSS_22.0_FOR,18325.787781953313,18380.19581056499
Tropics,SAT9,456,FFSS_22.0_FOR,7369.391657784777,7424.5814481774705
Tropics,SAT9,848,FFSS_22.0_FOR,4326.362449623078,4382.125816776439
Tropics,SAT9,1028,FFSS_22.0_FOR,20946.09215177376,21002.386422587668
Tropics,SAT9,566,FFSS_22.0_FOR,4750.563890084773,4807.353648893853
Tropics,SAT9,710,FFSS_22.0_FOR,4634.566929948251,4690.781669226671
Tropics,SAT9,496,FFSS_22.0_FOR,4924.391195669134,4979.673527796372
Tropics,SAT9,1014,FFSS_22.0_FOR,13834.709008438467,13890.434699962178
Tropics,SAT9,183,FFSS_22.0_FOR,6743.641567215515,6799.959877639243
Tropics,SAT9,123,FFSS_22.0_FOR,6708.569904660609,6763.421099198426
Tropics,SAT9,1094,FFSS_22.0_FOR,9463.08354623618,9519.0832598997
Tropics,SAT9,4,FFSS_22.0_FOR,5826.941466467781,5883.599168307878
Tropics,SAT9,4,FFSS_22.0_FOR,11776.51822044692,11832.202857392313
Tropics,SAT9,4,FFSS_22.0_FOR,17726.671235015652,17782.602492017253
Tropics,SAT9,1010,FFSS_22.0_FOR,19516.18064703914,19571.55638458047
Tropics,SAT9,1032,FFSS_22.0_FOR,15263.872585180865,15320.449461306478
Tropics,SAT9,600,FFSS_22.0_FOR,7500.3942418604565,7554.708269123667
Tropics,SAT9,1192,FFSS_22.0_FOR,14414.751759846655,14470.09916913335
Tropics,SAT9,1192,FFSS_22.0_FOR,20366.759186412848,20422.18567671333
Tropics,SAT9,316,FFSS_22.0_FOR,7139.015354316103,7194.205956838796
Tropics,SAT9,245,FFSS_22.0_FOR,12694.91499503582,12750.3306368004
Tropics,SAT9,7,FFSS_22.0_FOR,127.56184616599813,184.63899453944023
Tropics,SAT9,7,FFSS_22.0_FOR,6075.732483972665,6131.430258953391
Tropics,SAT9,7,FFSS_22.0_FOR,12027.105350966314,12082.845831144445
Tropics,SAT9,567,FFSS_22.0_FOR,4810.716472852318,4865.947698180322
Tropics,SAT9,57,FFSS_22.0_FOR,0.0,26.60534063526848
Tropics,SAT9,57,FFSS_22.0_FOR,5929.510324188298,5987.225419729799
Tropics,SAT9,57,FFSS_22.0_FOR,17875.538596487757,17930.680880203367
Tropics,SAT9,902,FFSS_22.0_FOR,21234.996908887195,21290.539022418354
Tropics,SAT9,1201,FFSS_22.0_FOR,3264.519059630197,3319.9019336378365
Tropics,SAT9,1201,FFSS_22.0_FOR,9214.44765298528,9270.520907607222
Tropics,SAT9,562,FFSS_22.0_FOR,10467.429737756638,10522.748455327071
Tropics,SAT9,416,FFSS_22.0_FOR,16334.984831589163,16391.09648634286
Tropics,SAT9,844,FFSS_22.0_FOR,10036.233852461262,10091.475324859048
Tropics,SAT9,958,FFSS_22.0_FOR,2385.653027857285,2440.5729140297217
Tropics,SAT9,639,FFSS_22.0_FOR,4698.152523644181,4753.355749692388
Tropics,SAT9,450,FFSS_22.0_FOR,12962.639258970241,13016.742369902944
Tropics,SAT9,737,FFSS_22.0_FOR,19146.47994803325,19201.135597953387
Tropics,SAT9,917,FFSS_22.0_FOR,4316.1374899446855,4373.3395577452875
Tropics,SAT9,47,FFSS_22.0_FOR,17145.326415187592,17202.38403858066
Tropics,SAT9,3,FFSS_22.0_FOR,11692.18362948155,11747.917468159443
Tropics,SAT9,3,FFSS_22.0_FOR,17645.04450246524,17700.61770732262
Tropics,SAT9,388,FFSS_22.0_FOR,1505.0058413098093,1559.2195689529394
Tropics,SAT9,816,FFSS_22.0_FOR,7801.840345398362,7857.632226777141
Tropics,SAT9,291,FFSS_22.0_FOR,5201.156121714845,5258.305094898582
Tropics,SAT9,888,FFSS_22.0_FOR,8033.6988137688095,8088.481841737454
Tropics,SAT9,0,FFSS_22.0_FOR,11446.155730928389,11503.751159381261
Tropics,SAT9,0,FFSS_22.0_FOR,17392.85696503378,17448.579247508755
Tropics,SAT9,1099,FFSS_22.0_FOR,3873.772149857108,3929.3375611390366
Tropics,SAT9,307,FFSS_22.0_FOR,18480.221404239506,18535.303140986343
Tropics,SAT9,118,FFSS_22.0_FOR,12297.696390867344,12353.220023131667
Tropics,SAT9,50,FFSS_22.0_FOR,11446.155730928387,11503.751159381263
Tropics,SAT9,50,FFSS_22.0_FOR,17392.856965033778,17448.57924750876
Tropics,SAT9,374,FFSS_22.0_FOR,18510.453619683147,18564.924060536152
Tropics,SAT9,911,FFSS_22.0_FOR,9894.017476032817,9949.513279758366
Tropics,SAT9,843,FFSS_22.0_FOR,9973.550623077408,10030.20802616103
Tropics,SAT9,1090,FFSS_22.0_FOR,15125.63245183028,15181.788851733723
Tropics,SAT9,127,FFSS_22.0_FOR,1045.4645729450308,1100.3673334877758
Tropics,SAT9,1072,FFSS_22.0_FOR,19654.83625192362,19710.23871186809
Tropics,SAT9,883,FFSS_22.0_FOR,13672.694867352733,13726.761892423949
Tropics,SAT9,9,FFSS_22.0_FOR,291.15252624517234,346.9429690985595
Tropics,SAT9,9,FFSS_22.0_FOR,6244.3566544461555,6299.90311064311
Tropics,SAT9,1200,FFSS,3180.3336120695208,3235.629493020135
Tropics,SAT9,1200,FFSS,9132.844972952971,9188.430711881236
Tropics,SAT9,1191,FFSS,20282.416751526507,20337.786566040326
Tropics,SAT9,946,FFSS,19467.97446114088,19522.21807657314
Tropics,SAT9,1141,FFSS,8629.737693872661,8685.13166103869
Tropics,SAT9,1196,FFSS,8797.272393297088,8852.540326350787
Tropics,SAT9,1196,FFSS,14750.058360202958,14805.531821515047
Tropics,SAT9,1190,FFSS,20198.222281370112,20253.505740005083
Tropics,SAT9,1136,FFSS,14199.702839138592,14254.609798064756
Tropics,SAT9,813,FFSS,13572.223184252174,13626.446288436755
Tropics,SAT9,1194,FFSS,14581.666613146053,14637.013117351897
Tropics,SAT9,1203,FFSS,3432.598868290664,3488.1212846658427
Tropics,SAT9,741,FFSS,13433.875575476375,13487.658388483223
Tropics,SAT9,417,FFSS,16396.240826107565,16451.71357195595
Tropics,SAT9,487,FFSS,16289.703717373477,16345.248244515078
Tropics,SAT9,746,FFSS,7781.245018372969,7835.266957105749
Tropics,SAT9,1142,FFSS,20657.210926300224,20712.822890119383
Tropics,SAT9,354,FFSS,10853.570893251277,10909.325242292995
Tropics,SAT9,1132,FFSS,19847.241078176234,19902.292344645375
Tropics,SAT9,176,FFSS,18177.97541374366,18232.540004752642
Tropics,SAT9,10,FFSS,374.99172418151784,430.7005374008231
Tropics,SAT9,10,FFSS,6327.2733019875095,6382.894081927679
Tropics,SAT9,736,FFSS,19086.448080280396,19140.320242849568
Tropics,SAT9,750,FFSS,2068.530547116437,2122.43011395929
Tropics,SAT9,878,FFSS,19311.864076221947,19365.97139926768
Tropics,SAT9,224,FFSS,11061.932003413192,11117.579672885866
Tropics,SAT9,12,FFSS,543.7874349583034,599.3513581661764
Tropics,SAT9,700,FFSS,15948.598307250179,16003.91840822105
Tropics,SAT9,775,FFSS,10164.539533860116,10219.86184038013
Tropics,SAT9,1189,FFSS,20114.8682554746,20170.148641924705
Tropics,SAT9,109,FFSS,5570.733277801862,5626.534420430152
Tropics,SAT9,13,FFSS,627.2064995585816,682.7621421589823
Tropics,SAT9,163,FFSS,11233.596748272088,11289.343423044309
Tropics,SAT9,971,FFSS,15443.193806829158,15498.730208649293
Tropics,SAT9,1195,FFSS,14666.044360963706,14721.459741918101
Tropics,SAT9,1081,FFSS,8400.411378207922,8455.10168677912
Tropics,SAT9,1198,FFSS,8965.287199172064,9020.68864915598
Tropics,SAT9,1041,FFSS,3970.3832891434326,4025.942866942564
Tropics,SAT9,822,FFSS,2214.7481203866832,2268.722692334323
Tropics,SAT9,1193,FFSS,14497.686181838859,14552.953315700484
Tropics,SAT9,1193,FFSS,20450.462305121,20505.972976453635
Tropics,SAT9,839,FFSS,15684.16815226444,15739.611704663666
Tropics,SAT9,1143,FFSS,2829.375220153454,2884.4557273717073
Tropics,SAT9,1143,FFSS,20733.61185099329,20789.26928204411
Tropics,SAT9,1150,FFSS,9363.250644661537,9418.78598899062
Tropics,SAT9,527,FFSS,7405.687002569946,7459.63923209787
Tropics,SAT9,5,FFSS,5908.511653931105,5964.477319435117
Tropics,SAT9,5,FFSS,11860.98241887496,11916.58446884998
Tropics,SAT9,1023,FFSS,2538.3724352027434,2592.8833111084737
Tropics,SAT9,67,FFSS,780.1886299782484,835.7190992467644
Tropics,SAT9,668,FFSS,13296.810742232605,13350.752996755007
Tropics,SAT9,2,FFSS,11608.672023148994,11664.535323857264
Tropics,SAT9,2,FFSS,17561.65267181802,17617.229630607348
Tropics,SAT9,596,FFSS,13220.109982812968,13273.89763947189
Tropics,SAT9,180,FFSS,12496.256693576495,12550.852421591875
Tropics,SAT9,56,FFSS,17798.1240818265,17853.65041444233
Tropics,SAT9,1037,FFSS,9652.223964718058,9707.691075128336
Tropics,SAT9,765,FFSS,21469.444810315505,21524.874931999526
Tropics,SAT9,1029,FFSS,21015.6754546575,21071.08668075328
Tropics,SAT9,460,FFSS,1657.6084888651399,1711.5388422424533
Tropics,SAT9,959,FFSS,2450.0585662664303,2504.290321088977
Tropics,SAT9,284,FFSS,16654.2137306171,16710.147901622317
Tropics,SAT9,779,FFSS,4451.551359792619,4507.027495691725
Tropics,SAT9,455,FFSS,7310.259692122366,7364.111995647115
Tropics,SAT9,673,FFSS,7640.061810013355,7693.80822509118
Tropics,SAT9,1091,FFSS,15199.836095949613,15255.312218041601
Tropics,SAT9,892,FFSS,2331.611842775795,2385.7160633909607
Tropics,SAT9,126,FFSS,972.4694545770462,1027.6735045761964
Tropics,SAT9,532,FFSS,1748.9875227862428,1802.759787987649
Tropics,SAT9,60,FFSS,12151.615502627163,12206.924662251073
Tropics,SAT9,8,FFSS,6160.236457384784,6215.865019165295
Tropics,SAT9,817,FFSS,7862.992741158121,7916.876454685004
Tropics,SAT9,634,FFSS,10358.998640396754,10414.264392517933
Tropics,SAT9,1137,FFSS,14276.364587590344,14331.51116630149
Tropics,SAT9,629,FFSS,16019.78370805688,16075.226041873928
Tropics,SAT9,955,FFSS,8144.401611539797,8198.977577277561
Tropics,SAT9,1087,FFSS,20862.780580693234,20918.25305631624
Tropics,SAT9,1015,FFSS,13901.599093426388,13955.963161827713
Tropics,SAT9,1033,FFSS,15333.98704539652,15389.405073725406
Tropics,SAT9,115,FFSS,18034.602067942855,18089.434987740773
Tropics,SAT9,1024,FFSS,2606.3012847690993,2661.0883247282004
Tropics,SAT9,184,FFSS,6814.460925728416,6869.132381925282
Tropics,SAT9,1019,FFSS,8219.970976314724,8274.384939423135
Tropics,SAT9,835,FFSS,21393.631531978248,21448.954152937444
Tropics,SAT9,384,FFSS,7214.430567632293,7268.452052090081
Tropics,SAT9,105,FFSS,11340.358286426626,11396.379966378707
Tropics,SAT9,518,FFSS,18778.74572741968,18832.542547271212
Tropics,SAT9,1144,FFSS,2905.298550489921,2960.2692912984116
Tropics,SAT9,1133,FFSS,19923.213817793752,19978.182247406217
Tropics,SAT9,358,FFSS,5151.485139823294,5206.908092324716
Tropics,SAT9,916,FFSS,4255.207449928989,4310.526923670455
Tropics,SAT9,315,FFSS,7077.401769462576,7131.553532217938
Tropics,SAT9,375,FFSS,18571.699780942974,18625.932955332883
Tropics,SAT9,709,FFSS,4575.615815757408,4630.882934948769
Tropics,SAT9,446,FFSS,18675.494406315964,18729.456249656832
Tropics,SAT9,1140,FFSS,8552.388509836366,8607.273856161302
Tropics,SAT9,253,FFSS,1307.9192968730097,1362.2985055810302
Tropics,SAT9,950,FFSS,13773.757463301661,13827.919814526273
Tropics,SAT9,220,FFSS,16743.588670659294,16799.20598001964
Tropics,SAT9,311,FFSS,12779.178788935491,12833.46275170823
Tropics,SAT9,523,FFSS,13121.785376869875,13175.804834912251
Tropics,SAT9,907,FFSS,15596.268472335249,15651.566364852788
Tropics,SAT9,1154,FFSS,3715.776405547293,3771.434639947886
Tropics,SAT9,59,FFSS,123.19985507987052,179.36183386481946
Tropics,SAT9,678,FFSS,1983.2349913181956,2036.9976581827884
Tropics,SAT9,976,FFSS,9813.974716016666,9869.413354967186
Tropics,SAT9,1085,FFSS,2737.5165516132734,2792.2902509380365
Tropics,SAT9,1073,FFSS,19726.300126491064,19780.89798803
Tropics,SAT9,102,FFSS,17063.51904759376,17119.299089167547
Tropics,SAT9,379,FFSS,12862.671998424476,12916.692513286845
Tropics,SAT9,55,FFSS,5769.752250534611,5825.712345276003
Tropics,SAT9,61,FFSS,12228.043050381355,12283.264714555882
Tropics,SAT9,1077,FFSS,14063.339428793726,14117.970762822315
Tropics,SAT9,166,FFSS,5380.305867129751,5436.0293955926145
Tropics,SAT9,1199,FFSS,3097.002792822283,3152.2992823922673
Tropics,SAT9,1199,FFSS,9049.516433304394,9104.96924053246
Tropics,SAT9,11,FFSS,459.44700344430873,515.0995304118627
Tropics,SAT9,306,FFSS,18418.455883025046,18472.63670079797
Tropics,SAT9,6,FFSS,5991.607357230967,6047.361047861041
Tropics,SAT9,6,FFSS,11944.786638414416,12000.332532019149
Tropics,SAT9,491,FFSS,10576.86693838883,10632.257273987761
Tropics,SAT9,1197,FFSS,8880.96303868697,8936.283097835794
Tropics,SAT9,1197,FFSS,14832.88966824598,14888.578770012864
Tropics,SAT9,320,FFSS,1438.043142578196,1492.3690288699565
Tropics,SAT9,421,FFSS,10686.89298158417,10742.389782095732
Tropics,SAT9,849,FFSS,4387.851265639094,4443.348961405724
Tropics,SAT9,1098,FFSS,3800.4802578619965,3856.342998911663
Tropics,SAT9,119,FFSS,12371.615602719066,12426.44404235577
Tropics,SAT9,1202,FFSS,3348.8694549534284,3404.3097756928532
Tropics,SAT9,967,FFSS,21137.71369083962,21193.058445140756
Tropics,SAT9,283,FFSS,16589.21819995641,16644.96430572972
Tropics,SAT9,980,FFSS,4119.840758570267,4175.200924293064
Tropics,SAT9,103,FFSS,17141.107020626063,17197.299716010868
Tropics,SAT9,68,FFSS,857.6728177789674,912.799302835781
Tropics,SAT9,54,FFSS,5692.901594169416,5748.734464107143
Tropics,SAT9,426,FFSS,5038.764307370879,5094.114664682389
Tropics,SAT9,349,FFSS,16492.519805775763,16547.947873262732
Tropics,SAT9,664,FFSS,19012.945692827634,19066.90477652548
Tropics,SAT9,1011,FFSS,19583.25813050288,19637.61677748155
Tropics,SAT9,51,FFSS,11416.524755547513,11472.35164624953
Tropics,SAT9,1149,FFSS,9285.79579291354,9341.601750899788
Tropics,SAT9,887,FFSS,7970.769301765687,8024.842965122097
Tropics,SAT9,106,FFSS,11416.52475554751,11472.351646249526
Tropics,SAT9,122,FFSS,6643.842011492734,6690.464401514671
Tropics,SAT9,292,FFSS,5265.534300138261,5321.062943763045
Tropics,SAT9,954,FFSS,8079.65764591193,8134.040342336609
Tropics,SAT9,1,FFSS,17477.320944696352,17532.986444715807
Tropics,SAT9,49,FFSS,17308.994248141196,17364.795234808964
Tropics,SAT9,704,FFSS,10232.173053301223,10287.716101988872
Tropics,SAT9,188,FFSS,1132.588986704752,1187.3772837880847
Tropics,SAT9,58,FFSS,45.666229273099695,101.43370185796977
Tropics,SAT9,1153,FFSS,3639.296376952074,3694.933247901653
Tropics,SAT9,64,FFSS,6504.804661496329,6559.974678755317
Tropics,SAT9,808,FFSS,19220.463135974725,19274.340503619555
Tropics,SAT9,601,FFSS,7559.087432521819,7613.051748090574
Tropics,SAT9,248,FFSS,6937.198349510454,6991.755302851896
Tropics,SAT9,159,FFSS,16896.49279068382,16952.209694260877
Tropics,SAT9,605,FFSS,1839.624454616277,1893.6279140523934
Tropics,SAT9,1095,FFSS,9536.83342899733,9592.340234416559
Tropics,SAT9,770,FFSS,15817.127428235817,15872.339005667289
Tropics,SAT9,244,FFSS,12631.704286320108,12686.039274621047
Tropics,SAT9,288,FFSS,10959.805192509115,11015.392615990791
Tropics,SAT9,1146,FFSS,15010.389621724811,15065.915478326799
Tropics,SAT9,240,FFSS,18325.78749213681,18380.195810564393
Tropics,SAT9,496,FFSS,4924.391195646306,4979.673527796499
Tropics,SAT9,123,FFSS,6708.569904717314,6763.421070624737
Tropics,SAT9,4,FFSS,11776.518527911961,11832.202857392316
Tropics,SAT9,1192,FFSS,14414.75173088878,14470.099169133731
Tropics,SAT9,1192,FFSS,20366.759186412848,20422.18567671333
Tropics,SAT9,7,FFSS,6075.732485705536,6131.4302589591525
Tropics,SAT9,567,FFSS,4810.716804847604,4865.947698180444
Tropics,SAT9,57,FFSS,17875.538596456914,17930.68088008532
Tropics,SAT9,902,FFSS,21234.996927545904,21290.539022409946
Tropics,SAT9,1201,FFSS,3264.5190924209132,3319.9019336354227
Tropics,SAT9,562,FFSS,10467.42983798563,10522.748653022794
Tropics,SAT9,844,FFSS,10036.23385245785,10091.475324857753
Tropics,SAT9,639,FFSS,4698.15283313859,4753.355749691164
Tropics,SAT9,450,FFSS,12962.639258670428,13016.742326708005
Tropics,SAT9,3,FFSS,11692.18362948155,11747.917468159872
Tropics,SAT9,3,FFSS,17645.04450248151,17700.617707317833
Tropics,SAT9,388,FFSS,1505.0058531242626,1559.2195295713673
Tropics,SAT9,0,FFSS,17392.857304778925,17448.579247507947
Tropics,SAT9,1099,FFSS,3873.772149912341,3929.337690457733
Tropics,SAT9,50,FFSS,17392.85730477892,17448.57924750795
Tropics,SAT9,911,FFSS,9894.017477882911,9949.512974000658
Tropics,SAT9,127,FFSS,1045.4645729180497,1100.367333052752
Tropics,SAT9,883,FFSS,13672.694867352733,13726.761890290347
Tropics,SAT9,9,FFSS,291.1524341641017,346.9429685817872
Tropics,SAT9,9,FFSS,6244.356653913224,6299.9031106344655
Tropics,SAT5,1184,FFSS_22.0_FOR,16251.36800392967,16307.223548837663
Tropics,SAT5,370,FFSS_22.0_FOR,14820.621765514275,14875.95222410643
Tropics,SAT5,798,FFSS_22.0_FOR,21118.654165671487,21172.716622113814
Tropics,SAT5,1191,FFSS_22.0_FOR,4933.305132265857,4989.007764288153
Tropics,SAT5,1191,FFSS_22.0_FOR,10884.759986056373,10940.444398982854
Tropics,SAT5,1191,FFSS_22.0_FOR,16831.414838880177,16888.48389180231
Tropics,SAT5,477,FFSS_22.0_FOR,18197.74611721709,18253.78170389487
Tropics,SAT5,764,FFSS_22.0_FOR,12012.120911896904,12067.683360171
Tropics,SAT5,946,FFSS_22.0_FOR,10070.409539345546,10126.359856704912
Tropics,SAT5,1141,FFSS_22.0_FOR,11182.657566007996,11238.655158866473
Tropics,SAT5,1196,FFSS_22.0_FOR,5351.6098250399655,5407.456615550817
Tropics,SAT5,1190,FFSS_22.0_FOR,4852.436661042402,4908.925108810571
Tropics,SAT5,1190,FFSS_22.0_FOR,10800.32794693313,10855.943919881041
Tropics,SAT5,1190,FFSS_22.0_FOR,16751.464584001973,16807.572101397574
Tropics,SAT5,548,FFSS_22.0_FOR,18099.90694833041,18156.60799965279
Tropics,SAT5,1136,FFSS_22.0_FOR,4801.557557553981,4856.817588456859
Tropics,SAT5,1136,FFSS_22.0_FOR,16748.31828013336,16805.455209584827
Tropics,SAT5,406,FFSS_22.0_FOR,18234.42255143875,18290.127432779384
Tropics,SAT5,834,FFSS_22.0_FOR,11935.466847449346,11990.851262301614
Tropics,SAT5,1188,FFSS_22.0_FOR,10633.267911385803,10688.857869409025
Tropics,SAT5,1188,FFSS_22.0_FOR,16585.4877877263,16641.18195971986
Tropics,SAT5,811,FFSS_22.0_FOR,4051.9528932149883,4106.376403714865
Tropics,SAT5,1194,FFSS_22.0_FOR,5183.987698117568,5239.659176767881
Tropics,SAT5,1194,FFSS_22.0_FOR,11132.475877155674,11189.123230915306
Tropics,SAT5,741,FFSS_22.0_FOR,4035.3556512871423,4090.8783064205413
Tropics,SAT5,417,FFSS_22.0_FOR,6999.446840060978,7056.930878377335
Tropics,SAT5,435,FFSS_22.0_FOR,20522.219896857678,20576.26424557164
Tropics,SAT5,730,FFSS_22.0_FOR,15280.538810297621,15334.957901638552
Tropics,SAT5,594,FFSS_22.0_FOR,3704.3831136678896,3759.1424254352974
Tropics,SAT5,624,FFSS_22.0_FOR,12283.798742516696,12339.262548393915
Tropics,SAT5,830,FFSS_22.0_FOR,17643.94873203357,17700.2369317311
Tropics,SAT5,740,FFSS_22.0_FOR,3975.462981751777,4029.3008094439356
Tropics,SAT5,547,FFSS_22.0_FOR,18040.857916377467,18096.061263525757
Tropics,SAT5,774,FFSS_22.0_FOR,707.2769296780552,762.628309361965
Tropics,SAT5,282,FFSS_22.0_FOR,7127.401368359507,7183.1258806639935
Tropics,SAT5,239,FFSS_22.0_FOR,8863.047298508005,8917.235234160322
Tropics,SAT5,936,FFSS_22.0_FOR,21328.703662120704,21383.0303538484
Tropics,SAT5,476,FFSS_22.0_FOR,18137.52025580102,18192.86231438316
Tropics,SAT5,654,FFSS_22.0_FOR,20928.045965817517,20982.943853603872
Tropics,SAT5,1142,FFSS_22.0_FOR,11259.857584779364,11315.648118330351
Tropics,SAT5,1145,FFSS_22.0_FOR,5536.083814722942,5591.926709127782
Tropics,SAT5,412,FFSS_22.0_FOR,12647.497628851626,12703.806667655304
Tropics,SAT5,1183,FFSS_22.0_FOR,16171.095724613864,16228.027521565553
Tropics,SAT5,43,FFSS_22.0_FOR,13364.403803528206,13421.153508731983
Tropics,SAT5,43,FFSS_22.0_FOR,19312.610740728258,19368.056579798955
Tropics,SAT5,1135,FFSS_22.0_FOR,4725.395495018113,4780.630724013361
Tropics,SAT5,1135,FFSS_22.0_FOR,10687.231848612451,10745.10016161259
Tropics,SAT5,1135,FFSS_22.0_FOR,16665.86941582783,16723.9528730046
Tropics,SAT5,219,FFSS_22.0_FOR,7278.563234366848,7334.027900015414
Tropics,SAT5,175,FFSS_22.0_FOR,8712.05826857751,8766.468687048238
Tropics,SAT5,1132,FFSS_22.0_FOR,10448.567607119685,10503.704809500921
Tropics,SAT5,218,FFSS_22.0_FOR,7211.585720547834,7268.666661713322
Tropics,SAT5,176,FFSS_22.0_FOR,8778.583359083375,8833.693459177972
Tropics,SAT5,901,FFSS_22.0_FOR,11774.78960630784,11830.587923083342
Tropics,SAT5,449,FFSS_22.0_FOR,3504.2667171627163,3558.3517721990183
Tropics,SAT5,736,FFSS_22.0_FOR,9688.055896666026,9742.694318103206
Tropics,SAT5,110,FFSS_22.0_FOR,14226.904651060488,14281.649174545371
Tropics,SAT5,40,FFSS_22.0_FOR,19063.80059106626,19120.149921064603
Tropics,SAT5,878,FFSS_22.0_FOR,9913.634687567323,9968.312230780837
Tropics,SAT5,162,FFSS_22.0_FOR,1763.7492701010137,1819.23692614492
Tropics,SAT5,340,FFSS_22.0_FOR,18436.81777757133,18493.077849838628
Tropics,SAT5,905,FFSS_22.0_FOR,6071.535251539628,6128.323641871401
Tropics,SAT5,436,FFSS_22.0_FOR,20582.12115052333,20636.44435019121
Tropics,SAT5,224,FFSS_22.0_FOR,1665.1587255938646,1721.0528352193385
Tropics,SAT5,882,FFSS_22.0_FOR,4211.604461027995,4265.7561809027875
Tropics,SAT5,170,FFSS_22.0_FOR,14324.04202173828,14379.54716278661
Tropics,SAT5,95,FFSS_22.0_FOR,19038.205584500898,19094.24604696954
Tropics,SAT5,107,FFSS_22.0_FOR,19961.998179228238,20016.822336279998
Tropics,SAT5,590,FFSS_22.0_FOR,9424.355914247462,9478.074574265776
Tropics,SAT5,628,FFSS_22.0_FOR,6564.229103776376,6619.698006625854
Tropics,SAT5,165,FFSS_22.0_FOR,19961.998179228234,20016.822336279994
Tropics,SAT5,556,FFSS_22.0_FOR,6667.690505031639,6723.331871699077
Tropics,SAT5,521,FFSS_22.0_FOR,3604.697912133503,3659.049125263778
Tropics,SAT5,552,FFSS_22.0_FOR,12384.075610925165,12439.355037782214
Tropics,SAT5,517,FFSS_22.0_FOR,9321.22203247383,9374.969951814972
Tropics,SAT5,486,FFSS_22.0_FOR,6832.484033048196,6887.910551287262
Tropics,SAT5,773,FFSS_22.0_FOR,646.1902690008378,702.4247926359926
Tropics,SAT5,897,FFSS_22.0_FOR,17477.25220428095,17532.669792023455
Tropics,SAT5,167,FFSS_22.0_FOR,20075.427667145643,20129.808698550787
Tropics,SAT5,168,FFSS_22.0_FOR,20140.885613711915,20196.64902273293
Tropics,SAT5,760,FFSS_22.0_FOR,17725.118505191265,17780.492169257584
Tropics,SAT5,164,FFSS_22.0_FOR,19889.691482751827,19944.53299302783
Tropics,SAT5,481,FFSS_22.0_FOR,12485.032010665866,12540.250900462242
Tropics,SAT5,768,FFSS_22.0_FOR,6297.853058147546,6355.034772592636
Tropics,SAT5,444,FFSS_22.0_FOR,9156.341788048316,9211.03860820941
Tropics,SAT5,731,FFSS_22.0_FOR,15340.736844016063,15394.81239658363
Tropics,SAT5,353,FFSS_22.0_FOR,1393.5952615756873,1449.1171325157418
Tropics,SAT5,343,FFSS_22.0_FOR,12671.717753021045,12727.619733956442
Tropics,SAT5,512,FFSS_22.0_FOR,14978.04966373405,15031.804918299726
Tropics,SAT5,310,FFSS_22.0_FOR,3318.2980310052412,3372.3808684632145
Tropics,SAT5,561,FFSS_22.0_FOR,1011.0595632399006,1066.3716226467475
Tropics,SAT5,377,FFSS_22.0_FOR,3340.205024910367,3396.333765480046
Tropics,SAT5,1189,FFSS_22.0_FOR,10716.279237356877,10771.808189991325
Tropics,SAT5,1189,FFSS_22.0_FOR,16669.21963860709,16724.993497985033
Tropics,SAT5,109,FFSS_22.0_FOR,14151.395898768471,14207.470792079052
Tropics,SAT5,163,FFSS_22.0_FOR,1837.397665137147,1893.6782774443313
Tropics,SAT5,163,FFSS_22.0_FOR,19813.744348883934,19870.069924420466
Tropics,SAT5,274,FFSS_22.0_FOR,18515.74832540957,18571.146452070778
Tropics,SAT5,971,FFSS_22.0_FOR,6045.850787257109,6101.665886126464
Tropics,SAT5,1195,FFSS_22.0_FOR,5268.259355769269,5323.978178981647
Tropics,SAT5,1186,FFSS_22.0_FOR,16416.838533206843,16472.387481886984
Tropics,SAT5,300,FFSS_22.0_FOR,14595.69403808065,14650.564063596512
Tropics,SAT5,1081,FFSS_22.0_FOR,16979.534039689115,17036.682783589615
Tropics,SAT5,595,FFSS_22.0_FOR,3763.3794069705286,3817.157255717478
Tropics,SAT5,623,FFSS_22.0_FOR,12224.950927815318,12280.7244090771
Tropics,SAT5,1198,FFSS_22.0_FOR,5512.272936312294,5569.867064546361
Tropics,SAT5,944,FFSS_22.0_FOR,9940.653892997509,9995.872173110172
Tropics,SAT5,1001,FFSS_22.0_FOR,21413.299212734582,21468.549022945128
Tropics,SAT5,949,FFSS_22.0_FOR,4310.797935462476,4365.147033524931
Tropics,SAT5,1134,FFSS_22.0_FOR,4651.317623263382,4707.834164335292
Tropics,SAT5,1134,FFSS_22.0_FOR,10605.796533541292,10662.59170433741
Tropics,SAT5,1193,FFSS_22.0_FOR,5099.603806433119,5155.1922161075745
Tropics,SAT5,1193,FFSS_22.0_FOR,11051.65529279026,11107.604817616788
Tropics,SAT5,345,FFSS_22.0_FOR,12798.241281865692,12827.043089227922
Tropics,SAT5,910,FFSS_22.0_FOR,433.8244163105835,489.5615349880376
Tropics,SAT5,873,FFSS_22.0_FOR,15552.694455754607,15606.821797106639
Tropics,SAT5,411,FFSS_22.0_FOR,12586.291600148663,12641.578252286947
Tropics,SAT5,839,FFSS_22.0_FOR,6286.89766491643,6342.726065071658
Tropics,SAT5,806,FFSS_22.0_FOR,9700.12902937338,9755.453903184822
Tropics,SAT5,1143,FFSS_22.0_FOR,5375.654983113998,5433.1479866220125
Tropics,SAT5,1143,FFSS_22.0_FOR,11333.830461018057,11390.545139120133
Tropics,SAT5,966,FFSS_22.0_FOR,11675.60695325965,11731.149348540792
Tropics,SAT5,557,FFSS_22.0_FOR,6727.228008232633,6782.795060872033
Tropics,SAT5,586,FFSS_22.0_FOR,15143.282303972428,15198.05202145627
Tropics,SAT5,632,FFSS_22.0_FOR,882.6252182599036,901.0434917967907
Tropics,SAT5,1150,FFSS_22.0_FOR,0.0,20.6002223575983
Tropics,SAT5,585,FFSS_22.0_FOR,15085.275705970947,15139.049254094341
Tropics,SAT5,633,FFSS_22.0_FOR,903.442610719042,958.7216692099163
Tropics,SAT5,5,FFSS_22.0_FOR,2463.220218758127,2518.499204309647
Tropics,SAT5,516,FFSS_22.0_FOR,9261.088795013013,9316.057211992586
Tropics,SAT5,45,FFSS_22.0_FOR,13528.041752768664,13583.573137827258
Tropics,SAT5,45,FFSS_22.0_FOR,19481.09502284919,19536.38738729229
Tropics,SAT5,1023,FFSS_22.0_FOR,17162.453624115176,17218.983161748587
Tropics,SAT5,339,FFSS_22.0_FOR,18373.643870843196,18428.987834094005
Tropics,SAT5,1127,FFSS_22.0_FOR,16021.011678440653,16076.887533453937
Tropics,SAT5,668,FFSS_22.0_FOR,3898.4276136626713,3952.7888217866275
Tropics,SAT5,48,FFSS_22.0_FOR,7827.721185130148,7883.311314292904
Tropics,SAT5,48,FFSS_22.0_FOR,13780.554452350194,13835.863513302378
Tropics,SAT5,2,FFSS_22.0_FOR,2210.6345231494415,2266.1199149556837
Tropics,SAT5,2,FFSS_22.0_FOR,8163.626565740156,8218.905849040846
Tropics,SAT5,546,FFSS_22.0_FOR,17980.66305860835,18037.60835435391
Tropics,SAT5,690,FFSS_22.0_FOR,17864.733095112846,17920.838215196134
Tropics,SAT5,214,FFSS_22.0_FOR,12893.05595588603,12949.754095700087
Tropics,SAT5,1013,FFSS_22.0_FOR,4368.88872163538,4425.19197513083
Tropics,SAT5,1025,FFSS_22.0_FOR,17297.995080958546,17354.86444964313
Tropics,SAT5,364,FFSS_22.0_FOR,20409.026983956453,20463.14990292852
Tropics,SAT5,1005,FFSS_22.0_FOR,15731.807326129647,15787.354456418714
Tropics,SAT5,180,FFSS_22.0_FOR,3097.3186355314656,3152.180641384635
Tropics,SAT5,56,FFSS_22.0_FOR,8401.273322344943,8456.182715088884
Tropics,SAT5,101,FFSS_22.0_FOR,7589.76917599685,7645.333096684071
Tropics,SAT5,101,FFSS_22.0_FOR,19533.194107402436,19590.445964569724
Tropics,SAT5,1037,FFSS_22.0_FOR,254.28668713897738,310.322066156804
Tropics,SAT5,765,FFSS_22.0_FOR,12072.277014350346,12128.077598758198
Tropics,SAT5,653,FFSS_22.0_FOR,20869.10089087111,20922.891585204296
Tropics,SAT5,739,FFSS_22.0_FOR,3914.990653357686,3970.3090845630322
Tropics,SAT5,1029,FFSS_22.0_FOR,11616.834926425381,11673.373955748968
Tropics,SAT5,284,FFSS_22.0_FOR,7258.3500953528965,7279.991112981068
Tropics,SAT5,445,FFSS_22.0_FOR,9217.167127728186,9271.026885534204
Tropics,SAT5,725,FFSS_22.0_FOR,20932.936755455987,20988.154046171698
Tropics,SAT5,1091,FFSS_22.0_FOR,5801.047453983322,5857.394526094633
Tropics,SAT5,275,FFSS_22.0_FOR,18581.406938009877,18638.37405909621
Tropics,SAT5,828,FFSS_22.0_FOR,17520.200873467704,17577.696529836983
Tropics,SAT5,1071,FFSS_22.0_FOR,10184.572161753473,10240.58076161661
Tropics,SAT5,117,FFSS_22.0_FOR,2826.5410665098157,2882.162240584989
Tropics,SAT5,97,FFSS_22.0_FOR,13237.178893914665,13292.88956279889
Tropics,SAT5,97,FFSS_22.0_FOR,19199.519531336722,19257.418149933943
Tropics,SAT5,155,FFSS_22.0_FOR,13162.814189498331,13218.776606436675
Tropics,SAT5,1086,FFSS_22.0_FOR,11392.615848276788,11448.37499859334
Tropics,SAT5,60,FFSS_22.0_FOR,2754.0141103925175,2808.9133596691076
Tropics,SAT5,485,FFSS_22.0_FOR,6772.053171712114,6827.910661925594
Tropics,SAT5,297,FFSS_22.0_FOR,20360.645343266417,20415.314340926656
Tropics,SAT5,42,FFSS_22.0_FOR,19228.5030904537,19284.001465628873
Tropics,SAT5,584,FFSS_22.0_FOR,15066.91477020489,15081.540096487177
Tropics,SAT5,634,FFSS_22.0_FOR,961.70524341501,1017.8834778962564
Tropics,SAT5,580,FFSS_22.0_FOR,20746.135212464866,20800.07775111341
Tropics,SAT5,1138,FFSS_22.0_FOR,4960.089073277214,5017.253172873584
Tropics,SAT5,1138,FFSS_22.0_FOR,16907.084767536544,16962.84027299615
Tropics,SAT5,309,FFSS_22.0_FOR,3254.725646668511,3309.4935266125617
Tropics,SAT5,874,FFSS_22.0_FOR,15615.859606660366,15671.664352979824
Tropics,SAT5,1137,FFSS_22.0_FOR,4879.832227439831,4935.894486987942
Tropics,SAT5,1137,FFSS_22.0_FOR,16828.946684692586,16885.16383189254
Tropics,SAT5,589,FFSS_22.0_FOR,9365.018698137743,9420.321851753168
Tropics,SAT5,629,FFSS_22.0_FOR,6622.775020464485,6678.5388208065915
Tropics,SAT5,619,FFSS_22.0_FOR,17944.773301176792,18000.051482663308
Tropics,SAT5,305,FFSS_22.0_FOR,8957.462578660608,9011.561688137812
Tropics,SAT5,482,FFSS_22.0_FOR,12545.136715061482,12602.05788906323
Tropics,SAT5,769,FFSS_22.0_FOR,6359.835446850129,6415.127201989018
Tropics,SAT5,348,FFSS_22.0_FOR,7032.597506851939,7087.916094974215
Tropics,SAT5,1027,FFSS_22.0_FOR,11480.22581219609,11537.043175366798
Tropics,SAT5,1070,FFSS_22.0_FOR,16066.55097440625,16123.588424172465
Tropics,SAT5,1087,FFSS_22.0_FOR,11464.365461348269,11520.522600596045
Tropics,SAT5,735,FFSS_22.0_FOR,9628.040767732164,9682.00180498099
Tropics,SAT5,1015,FFSS_22.0_FOR,4503.726870051922,4558.908972267165
Tropics,SAT5,210,FFSS_22.0_FOR,18574.54752253114,18630.91715833163
Tropics,SAT5,1075,FFSS_22.0_FOR,4521.330066085199,4577.076780880625
Tropics,SAT5,1033,FFSS_22.0_FOR,5935.59874411783,5991.860322661785
Tropics,SAT5,1009,FFSS_22.0_FOR,10050.337682310195,10106.235509728649
Tropics,SAT5,157,FFSS_22.0_FOR,7355.326675965231,7411.993752578811
Tropics,SAT5,115,FFSS_22.0_FOR,8635.418389660217,8690.524126900043
Tropics,SAT5,1024,FFSS_22.0_FOR,17232.09730441391,17287.69607295343
Tropics,SAT5,1069,FFSS_22.0_FOR,15991.509018723196,16046.783439487866
Tropics,SAT5,1093,FFSS_22.0_FOR,0.0,48.85739655995616
Tropics,SAT5,833,FFSS_22.0_FOR,11873.300535456407,11929.643018867906
Tropics,SAT5,963,FFSS_22.0_FOR,17432.328219798386,17489.677327063735
Tropics,SAT5,407,FFSS_22.0_FOR,18295.615007642384,18351.179444792513
Tropics,SAT5,835,FFSS_22.0_FOR,11994.7344290656,12052.221460653593
Tropics,SAT5,812,FFSS_22.0_FOR,4112.931791256948,4167.183838848768
Tropics,SAT5,151,FFSS_22.0_FOR,18825.574858588752,18881.407785075622
Tropics,SAT5,52,FFSS_22.0_FOR,2099.9994868092704,2156.9238292604646
Tropics,SAT5,52,FFSS_22.0_FOR,14048.20547088297,14103.226531012933
Tropics,SAT5,105,FFSS_22.0_FOR,1942.581645822015,1998.1162430813563
Tropics,SAT5,105,FFSS_22.0_FOR,13887.992037397758,13944.885464258756
Tropics,SAT5,105,FFSS_22.0_FOR,19845.698169416097,19901.456871409046
Tropics,SAT5,693,FFSS_22.0_FOR,12088.3680835182,12145.238069476134
Tropics,SAT5,53,FFSS_22.0_FOR,2181.5012450475188,2239.3624467473583
Tropics,SAT5,53,FFSS_22.0_FOR,8160.20052607347,8217.796895165882
Tropics,SAT5,53,FFSS_22.0_FOR,14124.260378376126,14179.294318277767
Tropics,SAT5,104,FFSS_22.0_FOR,1866.987428563278,1922.9948982944206
Tropics,SAT5,104,FFSS_22.0_FOR,7826.826605776319,7884.408525529785
Tropics,SAT5,104,FFSS_22.0_FOR,19771.889073097704,19826.804265748513
Tropics,SAT5,551,FFSS_22.0_FOR,12324.228339129979,12380.41361527575
Tropics,SAT5,695,FFSS_22.0_FOR,12207.559447078094,12264.385723805375
Tropics,SAT5,518,FFSS_22.0_FOR,9379.31153072688,9435.072182455015
Tropics,SAT5,662,FFSS_22.0_FOR,9495.916199534151,9550.339120388759
Tropics,SAT5,703,FFSS_22.0_FOR,775.7470943469345,831.3764533514317
Tropics,SAT5,699,FFSS_22.0_FOR,6492.204020143968,6547.530696636616
Tropics,SAT5,658,FFSS_22.0_FOR,15212.276050252107,15266.04615563661
Tropics,SAT5,1144,FFSS_22.0_FOR,5457.002445150819,5513.521098793035
Tropics,SAT5,1133,FFSS_22.0_FOR,10526.160736285661,10581.902680949208
Tropics,SAT5,522,FFSS_22.0_FOR,3664.2606522663855,3718.2133122130854
Tropics,SAT5,295,FFSS_22.0_FOR,20232.9539726593,20289.306972266364
Tropics,SAT5,759,FFSS_22.0_FOR,17664.1181752104,17720.276083610963
Tropics,SAT5,1139,FFSS_22.0_FOR,11020.832189823846,11078.632524995315
Tropics,SAT5,1139,FFSS_22.0_FOR,16982.158258918906,17038.410884054967
Tropics,SAT5,842,FFSS_22.0_FOR,515.1776051543934,572.1238530455281
Tropics,SAT5,338,FFSS_22.0_FOR,18310.870779661906,18368.185943589786
Tropics,SAT5,689,FFSS_22.0_FOR,17805.701877816035,17861.045734716143
Tropics,SAT5,803,FFSS_22.0_FOR,15470.411640897208,15525.020242752515
Tropics,SAT5,171,FFSS_22.0_FOR,14393.781168073427,14448.154821388684
Tropics,SAT5,508,FFSS_22.0_FOR,20693.80845054637,20748.128014160855
Tropics,SAT5,652,FFSS_22.0_FOR,20843.396080866376,20864.865540469113
Tropics,SAT5,160,FFSS_22.0_FOR,7575.729911259401,7633.680443468908
Tropics,SAT5,440,FFSS_22.0_FOR,14869.829391910218,14923.616861000128
Tropics,SAT5,727,FFSS_22.0_FOR,21053.262804167232,21108.880361655938
Tropics,SAT5,1140,FFSS_22.0_FOR,11102.768553170301,11159.588381830832
Tropics,SAT5,223,FFSS_22.0_FOR,1596.9415619747524,1652.48369592703
Tropics,SAT5,490,FFSS_22.0_FOR,1119.6538042846541,1175.0198186244138
Tropics,SAT5,950,FFSS_22.0_FOR,4375.793842099607,4430.9407771958095
Tropics,SAT5,114,FFSS_22.0_FOR,8564.06033418718,8618.731888430622
Tropics,SAT5,220,FFSS_22.0_FOR,7347.0195038750835,7403.130933963302
Tropics,SAT5,158,FFSS_22.0_FOR,7426.709575918083,7482.211040259606
Tropics,SAT5,172,FFSS_22.0_FOR,14459.77229913818,14515.182389994683
Tropics,SAT5,222,FFSS_22.0_FOR,1530.135692917732,1587.6546842826465
Tropics,SAT5,174,FFSS_22.0_FOR,8641.787349853359,8697.599963257422
Tropics,SAT5,242,FFSS_22.0_FOR,3101.6889129461565,3157.5781059063947
Tropics,SAT5,667,FFSS_22.0_FOR,3839.250551606402,3893.2480154342393
Tropics,SAT5,286,FFSS_22.0_FOR,1433.3723151473873,1489.7354836793838
Tropics,SAT5,907,FFSS_22.0_FOR,6197.550652848894,6254.437206926361
Tropics,SAT5,235,FFSS_22.0_FOR,14556.835624540621,14611.304107503223
Tropics,SAT5,94,FFSS_22.0_FOR,18960.455396560323,19016.00676550522
Tropics,SAT5,694,FFSS_22.0_FOR,12149.022144928935,12204.251362743897
Tropics,SAT5,98,FFSS_22.0_FOR,13313.508520501624,13369.136814613275
Tropics,SAT5,965,FFSS_22.0_FOR,11608.317653617836,11665.461864730658
Tropics,SAT5,59,FFSS_22.0_FOR,2676.883944459221,2732.1043968799277
Tropics,SAT5,344,FFSS_22.0_FOR,12734.627531051921,12790.106632816722
Tropics,SAT5,278,FFSS_22.0_FOR,12821.519485753832,12876.927249975264
Tropics,SAT5,975,FFSS_22.0_FOR,351.99710839536175,407.53314918936735
Tropics,SAT5,243,FFSS_22.0_FOR,3168.840608224664,3223.053133065543
Tropics,SAT5,940,FFSS_22.0_FOR,15634.633725727957,15689.245786909296
Tropics,SAT5,279,FFSS_22.0_FOR,12886.73384131184,12942.903512007344
Tropics,SAT5,976,FFSS_22.0_FOR,414.5841597349714,471.848046762697
Tropics,SAT5,410,FFSS_22.0_FOR,12524.937880361136,12582.255006416293
Tropics,SAT5,838,FFSS_22.0_FOR,6225.904262979218,6281.524859991987
Tropics,SAT5,1085,FFSS_22.0_FOR,11317.185780686657,11374.110404686928
Tropics,SAT5,1083,FFSS_22.0_FOR,17127.62313390265,17183.62319074493
Tropics,SAT5,1073,FFSS_22.0_FOR,10328.731599664752,10384.168156376518
Tropics,SAT5,102,FFSS_22.0_FOR,7666.783804634539,7722.569429387226
Tropics,SAT5,102,FFSS_22.0_FOR,19615.05281752284,19671.200303934005
Tropics,SAT5,663,FFSS_22.0_FOR,9555.38184392761,9609.342420320947
Tropics,SAT5,379,FFSS_22.0_FOR,3463.6894395175955,3518.4260528776504
Tropics,SAT5,807,FFSS_22.0_FOR,9761.187125210761,9815.144746989678
Tropics,SAT5,1082,FFSS_22.0_FOR,17055.401687205907,17111.22866354496
Tropics,SAT5,152,FFSS_22.0_FOR,18900.634829855695,18958.052058042227
Tropics,SAT5,55,FFSS_22.0_FOR,8323.199297850668,8378.685178165897
Tropics,SAT5,96,FFSS_22.0_FOR,13162.91901533912,13220.004600954357
Tropics,SAT5,96,FFSS_22.0_FOR,19117.97635531313,19174.941167602126
Tropics,SAT5,61,FFSS_22.0_FOR,2827.906421708746,2883.6158972658527
Tropics,SAT5,1077,FFSS_22.0_FOR,4665.989868282855,4721.608676182456
Tropics,SAT5,898,FFSS_22.0_FOR,17538.739280564238,17595.486289207158
Tropics,SAT5,156,FFSS_22.0_FOR,13238.163775208432,13295.841884971403
Tropics,SAT5,1089,FFSS_22.0_FOR,5654.785618664062,5711.501869469826
Tropics,SAT5,868,FFSS_22.0_FOR,21191.90910992488,21246.25401614905
Tropics,SAT5,166,FFSS_22.0_FOR,20006.221483613925,20061.45360923337
Tropics,SAT5,698,FFSS_22.0_FOR,6432.139174079473,6488.284303919421
Tropics,SAT5,799,FFSS_22.0_FOR,21179.758614323342,21217.9442384715
Tropics,SAT5,1185,FFSS_22.0_FOR,16333.410188246356,16388.94080348673
Tropics,SAT5,439,FFSS_22.0_FOR,14808.112954454109,14863.741546159561
Tropics,SAT5,726,FFSS_22.0_FOR,20993.379930587846,21047.21731116153
Tropics,SAT5,44,FFSS_22.0_FOR,13445.403399831417,13501.24426040209
Tropics,SAT5,44,FFSS_22.0_FOR,19397.06373585402,19452.43783488171
Tropics,SAT5,306,FFSS_22.0_FOR,9019.44656825062,9074.209578484304
Tropics,SAT5,6,FFSS_22.0_FOR,2546.042190524077,2601.400808060992
Tropics,SAT5,347,FFSS_22.0_FOR,6969.818416267383,7026.967852193998
Tropics,SAT5,491,FFSS_22.0_FOR,1179.896177170711,1235.8559929570565
Tropics,SAT5,296,FFSS_22.0_FOR,20298.508494750837,20352.649777956067
Tropics,SAT5,1197,FFSS_22.0_FOR,5433.211283398687,5489.544983848931
Tropics,SAT5,421,FFSS_22.0_FOR,1289.998671363277,1345.8255462431896
Tropics,SAT5,153,FFSS_22.0_FOR,13018.542296086567,13075.509688760938
Tropics,SAT5,368,FFSS_22.0_FOR,14698.462538112904,14753.87094910364
Tropics,SAT5,234,FFSS_22.0_FOR,14492.172263182745,14546.66838667601
Tropics,SAT5,119,FFSS_22.0_FOR,2972.037113782353,3027.3333913910974
Tropics,SAT5,1064,FFSS_22.0_FOR,21581.776255913097,21600.0
Tropics,SAT5,896,FFSS_22.0_FOR,17412.414649083315,17469.32780477581
Tropics,SAT5,287,FFSS_22.0_FOR,1497.8832390708421,1553.2601799826293
Tropics,SAT5,967,FFSS_22.0_FOR,11739.291937571445,11795.706472646967
Tropics,SAT5,948,FFSS_22.0_FOR,4246.741123300821,4302.902019471608
Tropics,SAT5,283,FFSS_22.0_FOR,7192.232431049729,7247.866995773676
Tropics,SAT5,238,FFSS_22.0_FOR,8797.147852170325,8852.210268298644
Tropics,SAT5,935,FFSS_22.0_FOR,21264.630262486364,21320.687429983544
Tropics,SAT5,659,FFSS_22.0_FOR,15271.0037076687,15326.698737059638
Tropics,SAT5,1187,FFSS_22.0_FOR,10551.793995473055,10607.913080419276
Tropics,SAT5,103,FFSS_22.0_FOR,7745.866032138093,7802.475989883106
Tropics,SAT5,103,FFSS_22.0_FOR,19694.82991544633,19750.04620798792
Tropics,SAT5,1128,FFSS_22.0_FOR,16095.803792697981,16150.917668237907
Tropics,SAT5,54,FFSS_22.0_FOR,8242.619120292678,8299.144373481618
Tropics,SAT5,54,FFSS_22.0_FOR,14196.916081469975,14253.28367265763
Tropics,SAT5,215,FFSS_22.0_FOR,12960.21509774193,13015.648235451677
Tropics,SAT5,349,FFSS_22.0_FOR,7095.804703017795,7152.166190062327
Tropics,SAT5,304,FFSS_22.0_FOR,8892.073982653814,8948.262422780477
Tropics,SAT5,869,FFSS_22.0_FOR,21254.708188735258,21309.300678358853
Tropics,SAT5,179,FFSS_22.0_FOR,3030.2595671348377,3084.7489985628827
Tropics,SAT5,1003,FFSS_22.0_FOR,21549.455091623106,21600.0
Tropics,SAT5,1074,FFSS_22.0_FOR,10404.067616855711,10461.395692614175
Tropics,SAT5,1011,FFSS_22.0_FOR,10185.596277121605,10241.018576513816
Tropics,SAT5,51,FFSS_22.0_FOR,2020.2784779676867,2076.284393138452
Tropics,SAT5,51,FFSS_22.0_FOR,13969.24825716905,14025.048614352982
Tropics,SAT5,1031,FFSS_22.0_FOR,5797.922806735279,5855.0618176667995
Tropics,SAT5,106,FFSS_22.0_FOR,2020.2784779676851,2076.28439313845
Tropics,SAT5,106,FFSS_22.0_FOR,13969.248257169049,14025.04861435298
Tropics,SAT5,1067,FFSS_22.0_FOR,15847.839628237101,15904.14684460047
Tropics,SAT5,1129,FFSS_22.0_FOR,16172.707258161176,16228.175729243745
Tropics,SAT5,216,FFSS_22.0_FOR,13028.919369532818,13085.284697063029
Tropics,SAT5,1147,FFSS_22.0_FOR,5685.116213021005,5742.470932568805
Tropics,SAT5,581,FFSS_22.0_FOR,20804.42145624508,20858.756921789878
Tropics,SAT5,229,FFSS_22.0_FOR,20119.72097936645,20175.53879652863
Tropics,SAT5,961,FFSS_22.0_FOR,17303.807568538607,17360.14496054503
Tropics,SAT5,1130,FFSS_22.0_FOR,16251.69631870497,16308.123225662292
Tropics,SAT5,1,FFSS_22.0_FOR,2127.5611102572598,2183.2487522322735
Tropics,SAT5,1,FFSS_22.0_FOR,8079.903112650217,8135.237373589902
Tropics,SAT5,1,FFSS_22.0_FOR,14024.322190047267,14081.15183830129
Tropics,SAT5,49,FFSS_22.0_FOR,7911.20626353138,7966.67344647709
Tropics,SAT5,49,FFSS_22.0_FOR,13863.858435178097,13919.166187019164
Tropics,SAT5,365,FFSS_22.0_FOR,20469.735418503707,20524.123934852756
Tropics,SAT5,704,FFSS_22.0_FOR,835.2558662566165,890.8932595548812
Tropics,SAT5,178,FFSS_22.0_FOR,2959.457773536147,3015.6109179099053
Tropics,SAT5,1002,FFSS_22.0_FOR,21480.55216517775,21535.131506334146
Tropics,SAT5,513,FFSS_22.0_FOR,15036.614799784385,15091.547047227778
Tropics,SAT5,657,FFSS_22.0_FOR,15152.483970821913,15207.547302128001
Tropics,SAT5,906,FFSS_22.0_FOR,6136.211678441747,6191.62948933003
Tropics,SAT5,58,FFSS_22.0_FOR,2597.0505935311367,2653.2104672746077
Tropics,SAT5,93,FFSS_22.0_FOR,18884.808214195917,18940.80194301192
Tropics,SAT5,99,FFSS_22.0_FOR,13391.931904203819,13448.24230503063
Tropics,SAT5,877,FFSS_22.0_FOR,9850.807705178026,9905.106627127245
Tropics,SAT5,507,FFSS_22.0_FOR,20634.735144618062,20688.708605399446
Tropics,SAT5,808,FFSS_22.0_FOR,9822.220122643623,9877.812079989184
Tropics,SAT5,273,FFSS_22.0_FOR,18451.213079363963,18507.518511031158
Tropics,SAT5,970,FFSS_22.0_FOR,5980.945394531932,6036.779887790997
Tropics,SAT5,945,FFSS_22.0_FOR,10004.970433817445,10059.314538329601
Tropics,SAT5,159,FFSS_22.0_FOR,7500.08832233632,7556.200378721932
Tropics,SAT5,113,FFSS_22.0_FOR,8488.995051694415,8544.834780098845
Tropics,SAT5,150,FFSS_22.0_FOR,18752.722774959246,18808.336040354036
Tropics,SAT5,1095,FFSS_22.0_FOR,137.66881378020358,194.23965542297026
Tropics,SAT5,212,FFSS_22.0_FOR,18710.859281787336,18767.51388279479
Tropics,SAT5,1036,FFSS_22.0_FOR,186.7841192057575,242.54722209460832
Tropics,SAT5,1131,FFSS_22.0_FOR,10373.094695674885,10428.57197810569
Tropics,SAT5,1131,FFSS_22.0_FOR,16332.582953711804,16390.118160992984
Tropics,SAT5,770,FFSS_22.0_FOR,6419.1939397889055,6475.762257383697
Tropics,SAT5,277,FFSS_22.0_FOR,12757.2451594925,12814.497329335667
Tropics,SAT5,974,FFSS_22.0_FOR,285.85319454056423,342.25585896324054
Tropics,SAT5,1006,FFSS_22.0_FOR,15798.863359482051,15853.402659958767
Tropics,SAT5,244,FFSS_22.0_FOR,3232.388291870054,3287.3883644648213
Tropics,SAT5,941,FFSS_22.0_FOR,15699.274857154687,15753.905881137494
Tropics,SAT5,288,FFSS_22.0_FOR,1563.5020186361,1620.3796978056582
Tropics,SAT5,1146,FFSS_22.0_FOR,5612.289151607676,5668.233811799506
Tropics,SAT5,369,FFSS_22.0_FOR,14761.023867583379,14814.890201938953
Tropics,SAT5,797,FFSS_22.0_FOR,21057.654013683714,21112.403161882994
Tropics,SAT5,240,FFSS_22.0_FOR,8925.395562320798,8981.302842360725
Tropics,SAT5,937,FFSS_22.0_FOR,21393.732137678257,21448.92680322591
Tropics,SAT5,420,FFSS_22.0_FOR,1228.810458042774,1284.2701047486519
Tropics,SAT5,211,FFSS_22.0_FOR,18641.898150869285,18697.345211610882
Tropics,SAT5,1035,FFSS_22.0_FOR,115.54494234911222,173.03802178720923
Tropics,SAT5,1028,FFSS_22.0_FOR,11550.402604944702,11606.013231172767
Tropics,SAT5,1014,FFSS_22.0_FOR,4435.580903841804,4490.175213085989
Tropics,SAT5,231,FFSS_22.0_FOR,20250.212784936346,20305.28182264194
Tropics,SAT5,1007,FFSS_22.0_FOR,15867.505390994422,15923.203690232567
Tropics,SAT5,1068,FFSS_22.0_FOR,15918.702061864911,15973.551617393201
Tropics,SAT5,149,FFSS_22.0_FOR,18681.782278427632,18739.088400035962
Tropics,SAT5,1094,FFSS_22.0_FOR,66.87246807305,122.57026907423825
Tropics,SAT5,4,FFSS_22.0_FOR,2379.173760527734,2434.535495685208
Tropics,SAT5,4,FFSS_22.0_FOR,8325.74905978765,8382.062659342544
Tropics,SAT5,46,FFSS_22.0_FOR,7665.230206185926,7722.50475810382
Tropics,SAT5,46,FFSS_22.0_FOR,13611.873722889117,13667.330017261349
Tropics,SAT5,46,FFSS_22.0_FOR,19563.883216429094,19619.260799122203
Tropics,SAT5,1010,FFSS_22.0_FOR,10117.20671609811,10171.751086905335
Tropics,SAT5,1032,FFSS_22.0_FOR,5868.6315229788015,5924.297414939012
Tropics,SAT5,618,FFSS_22.0_FOR,17885.604465524582,17941.79691340859
Tropics,SAT5,1192,FFSS_22.0_FOR,5015.841109022076,5071.366307301197
Tropics,SAT5,1192,FFSS_22.0_FOR,10968.809801082873,11024.547407276756
Tropics,SAT5,511,FFSS_22.0_FOR,14917.312760292762,14973.106218550576
Tropics,SAT5,881,FFSS_22.0_FOR,4148.983892571003,4204.124153265489
Tropics,SAT5,100,FFSS_22.0_FOR,7514.848672705839,7571.3073755580945
Tropics,SAT5,100,FFSS_22.0_FOR,13472.313583389154,13529.593561691734
Tropics,SAT5,591,FFSS_22.0_FOR,9482.102633796547,9537.419949649737
Tropics,SAT5,7,FFSS_22.0_FOR,2626.821496422886,2682.7481977937105
Tropics,SAT5,161,FFSS_22.0_FOR,1692.1363032991571,1748.5384202001064
Tropics,SAT5,111,FFSS_22.0_FOR,14298.738648562226,14353.68703300731
Tropics,SAT5,57,FFSS_22.0_FOR,2515.1526488400905,2572.4150405915952
Tropics,SAT5,57,FFSS_22.0_FOR,8476.270969183339,8531.563145122449
Tropics,SAT5,902,FFSS_22.0_FOR,11837.839600063819,11893.583159082555
Tropics,SAT5,562,FFSS_22.0_FOR,1070.3249023012054,1126.3890158000413
Tropics,SAT5,373,FFSS_22.0_FOR,9051.20826925236,9105.670261605315
Tropics,SAT5,416,FFSS_22.0_FOR,6938.1387146031275,6993.470329264484
Tropics,SAT5,844,FFSS_22.0_FOR,637.910898509413,694.6610844587353
Tropics,SAT5,962,FFSS_22.0_FOR,17369.843728332537,17425.38494705814
Tropics,SAT5,441,FFSS_22.0_FOR,14928.937840621862,14984.039922608195
Tropics,SAT5,450,FFSS_22.0_FOR,3564.248353415785,3618.5143453235514
Tropics,SAT5,829,FFSS_22.0_FOR,17583.596346347847,17639.001247035616
Tropics,SAT5,352,FFSS_22.0_FOR,1330.6650535665017,1386.4764991877478
Tropics,SAT5,301,FFSS_22.0_FOR,14659.42562685668,14713.48105020199
Tropics,SAT5,47,FFSS_22.0_FOR,7745.60100259509,7801.657531926844
Tropics,SAT5,47,FFSS_22.0_FOR,13696.289735851858,13751.688692898364
Tropics,SAT5,47,FFSS_22.0_FOR,19644.61070172659,19700.571234653125
Tropics,SAT5,3,FFSS_22.0_FOR,2294.723508402034,2350.1555734734666
Tropics,SAT5,3,FFSS_22.0_FOR,8245.843589732438,8301.324650725195
Tropics,SAT5,480,FFSS_22.0_FOR,12424.350070059782,12481.04035613457
Tropics,SAT5,230,FFSS_22.0_FOR,20186.76723346636,20240.9727206444
Tropics,SAT5,0,FFSS_22.0_FOR,2046.0039465594657,2102.3625344269776
Tropics,SAT5,0,FFSS_22.0_FOR,7995.4994754571135,8050.917765016566
Tropics,SAT5,0,FFSS_22.0_FOR,13945.37656822864,14001.05238241885
Tropics,SAT5,154,FFSS_22.0_FOR,13089.70071618253,13145.243949390997
Tropics,SAT5,872,FFSS_22.0_FOR,15490.089442839055,15545.342270202218
Tropics,SAT5,118,FFSS_22.0_FOR,2901.1580370702814,2955.781692902386
Tropics,SAT5,1063,FFSS_22.0_FOR,21511.13160604685,21567.77519247082
Tropics,SAT5,50,FFSS_22.0_FOR,2046.003946559464,2102.362534426977
Tropics,SAT5,50,FFSS_22.0_FOR,7995.4994754571135,8050.917765016564
Tropics,SAT5,50,FFSS_22.0_FOR,13945.376568228643,14001.05238241885
Tropics,SAT5,374,FFSS_22.0_FOR,9112.570670110588,9166.637193106248
Tropics,SAT5,802,FFSS_22.0_FOR,15409.43925005333,15463.558579553675
Tropics,SAT5,911,FFSS_22.0_FOR,496.71985299211616,552.5347764488039
Tropics,SAT5,415,FFSS_22.0_FOR,6876.9131639158495,6933.059323718372
Tropics,SAT5,843,FFSS_22.0_FOR,578.0345021353388,633.376924576562
Tropics,SAT5,1090,FFSS_22.0_FOR,5729.772942556302,5785.488820645398
Tropics,SAT5,1072,FFSS_22.0_FOR,10255.658425884702,10310.473779893888
Tropics,SAT5,883,FFSS_22.0_FOR,4274.811454498765,4330.763628085305
Tropics,SAT5,41,FFSS_22.0_FOR,19145.398016125517,19201.0922261072
Tropics,SAT5,798,FFSS,21118.653804924405,21172.71666798068
Tropics,SAT5,1191,FFSS,10884.759983010752,10940.444398983453
Tropics,SAT5,764,FFSS,12012.12091161558,12067.683360169
Tropics,SAT5,1141,FFSS,11182.657566080421,11238.655133083515
Tropics,SAT5,1196,FFSS,5351.609613131449,5407.456681377976
Tropics,SAT5,1190,FFSS,10800.327443046315,10855.943919882999
Tropics,SAT5,1136,FFSS,4801.55755755323,4856.817587966304
Tropics,SAT5,834,FFSS,11935.466851605926,11990.851465959224
Tropics,SAT5,1188,FFSS,10633.26792765808,10688.857867779787
Tropics,SAT5,1188,FFSS,16585.487787710183,16641.181959719608
Tropics,SAT5,1194,FFSS,5183.987601904118,5239.659176767819
Tropics,SAT5,435,FFSS,20522.219896452334,20576.264176668756
Tropics,SAT5,624,FFSS,12283.79887549909,12339.26269146329
Tropics,SAT5,740,FFSS,3975.462981751777,4029.3008094439356
Tropics,SAT5,547,FFSS,18040.857916377467,18096.06098813256
Tropics,SAT5,774,FFSS,707.2769296779334,762.6283002411919
Tropics,SAT5,239,FFSS,8863.047298570029,8917.235227229028
Tropics,SAT5,936,FFSS,21328.703661970052,21383.0303538475
Tropics,SAT5,476,FFSS,18137.52025455916,18192.862050042382
Tropics,SAT5,1142,FFSS,11259.857633754054,11315.648197657067
Tropics,SAT5,1145,FFSS,5536.083466487658,5591.9267090687645
Tropics,SAT5,43,FFSS,19312.610740732034,19368.056579799682
Tropics,SAT5,1135,FFSS,4725.395338240787,4780.63098452121
Tropics,SAT5,219,FFSS,7278.563234399,7334.027899144908
Tropics,SAT5,175,FFSS,8712.058456352477,8766.468611697383
Tropics,SAT5,1132,FFSS,10448.567607111872,10503.704809500952
Tropics,SAT5,901,FFSS,11774.789606192513,11830.587869099394
Tropics,SAT5,449,FFSS,3504.2670186002765,3558.351750882851
Tropics,SAT5,110,FFSS,14226.904646837178,14281.649170911653
Tropics,SAT5,162,FFSS,1763.7492701010137,1819.2369261464105
Tropics,SAT5,882,FFSS,4211.604461006583,4265.756180909125
Tropics,SAT5,107,FFSS,19961.99817920394,20016.82233626972
Tropics,SAT5,590,FFSS,9424.355914247462,9478.074574265776
Tropics,SAT5,628,FFSS,6564.2291037747345,6619.698204625557
Tropics,SAT5,165,FFSS,19961.99817920394,20016.82233626972
Tropics,SAT5,552,FFSS,12384.075605293723,12439.355288464198
Tropics,SAT5,517,FFSS,9321.22203249754,9374.969951661424
Tropics,SAT5,486,FFSS,6832.484034446593,6887.910749773101
Tropics,SAT5,897,FFSS,17477.252204186676,17532.6697920235
Tropics,SAT5,167,FFSS,20075.427667153883,20129.8086981994
Tropics,SAT5,760,FFSS,17725.118502219106,17780.492161448685
Tropics,SAT5,164,FFSS,19889.691482739927,19944.532992491582
Tropics,SAT5,481,FFSS,12485.032010665866,12540.250900462242
Tropics,SAT5,731,FFSS,15340.736891432427,15394.81239658911
Tropics,SAT5,353,FFSS,1393.5952868144634,1449.1173604701457
Tropics,SAT5,512,FFSS,14978.04966373405,15031.80491820784
Tropics,SAT5,310,FFSS,3318.298036409749,3372.380868460988
Tropics,SAT5,561,FFSS,1011.0595632332272,1066.3716226469958
Tropics,SAT5,1189,FFSS,10716.279237254737,10771.808403862162
Tropics,SAT5,1189,FFSS,16669.219603744186,16724.993497519674
Tropics,SAT5,274,FFSS,18515.748334995897,18571.146527910667
Tropics,SAT5,971,FFSS,6045.8507493574125,6070.540733846265
Tropics,SAT5,1195,FFSS,5268.259509787785,5323.978106978611
Tropics,SAT5,1186,FFSS,16416.838559554224,16472.387505278548
Tropics,SAT5,595,FFSS,3763.379407011998,3817.157245206854
Tropics,SAT5,1193,FFSS,5099.603793081266,5155.192216109628
Tropics,SAT5,1193,FFSS,11051.655283107306,11107.604816500634
Tropics,SAT5,910,FFSS,433.82440618106824,489.5616620626236
Tropics,SAT5,873,FFSS,15552.694455808234,15606.821797114035
Tropics,SAT5,966,FFSS,11675.607041887535,11731.149348537288
Tropics,SAT5,557,FFSS,6727.228113974143,6769.547464216017
Tropics,SAT5,585,FFSS,15085.275395096038,15139.049243464233
Tropics,SAT5,633,FFSS,903.442602630693,958.7216653209915
Tropics,SAT5,5,FFSS,2463.2202146152376,2518.4994885122346
Tropics,SAT5,45,FFSS,13528.041808403636,13583.573137610108
Tropics,SAT5,45,FFSS,19481.095022843376,19536.387422263913
Tropics,SAT5,339,FFSS,18373.64371248902,18428.98783334801
Tropics,SAT5,48,FFSS,7827.721185129282,7883.311273870179
Tropics,SAT5,48,FFSS,13780.554452345981,13835.863513300212
Tropics,SAT5,2,FFSS,2210.634515415873,2266.1201463429948
Tropics,SAT5,364,FFSS,20409.026983769094,20463.149902933365
Tropics,SAT5,56,FFSS,8401.273322344943,8456.182715088884
Tropics,SAT5,101,FFSS,7589.76917599304,7645.333096306583
Tropics,SAT5,653,FFSS,20869.100852183983,20922.891582959917
Tropics,SAT5,445,FFSS,9217.167167808993,9271.026505352
Tropics,SAT5,97,FFSS,13237.178893375984,13292.889647069973
Tropics,SAT5,1086,FFSS,11392.615842937435,11448.37513853613
Tropics,SAT5,60,FFSS,2754.0141403016373,2808.913355837886
Tropics,SAT5,42,FFSS,19228.5030904537,19284.00161385195
Tropics,SAT5,580,FFSS,20746.134725647655,20800.077731231042
Tropics,SAT5,1138,FFSS,16907.084767457676,16962.84027299583
Tropics,SAT5,619,FFSS,17944.773304697956,18000.051481731596
Tropics,SAT5,305,FFSS,8957.462578660654,9011.561669957466
Tropics,SAT5,769,FFSS,6359.835446850129,6415.127498894241
Tropics,SAT5,348,FFSS,7032.597502196572,7087.916385720115
Tropics,SAT5,735,FFSS,9628.040767733204,9682.001802832181
Tropics,SAT5,1024,FFSS,17232.097298616565,17287.69607295447
Tropics,SAT5,1069,FFSS,15991.509018724915,16046.7834394692
Tropics,SAT5,407,FFSS,18295.615193609672,18351.179472724045
Tropics,SAT5,812,FFSS,4112.931802509828,4167.183744162671
Tropics,SAT5,151,FFSS,18825.573949376398,18881.407783725106
Tropics,SAT5,52,FFSS,14048.205805074414,14103.226808161877
Tropics,SAT5,105,FFSS,1942.5816456583848,1998.1162430813952
Tropics,SAT5,53,FFSS,14124.260378293715,14179.294273817775
Tropics,SAT5,104,FFSS,19771.889072938575,19826.804265689956
Tropics,SAT5,699,FFSS,6492.204021323943,6547.530919594628
Tropics,SAT5,658,FFSS,15212.276050303486,15266.045755720343
Tropics,SAT5,522,FFSS,3664.260652268212,3718.213312148457
Tropics,SAT5,689,FFSS,17805.70187781974,17861.04595520635
Tropics,SAT5,171,FFSS,14393.781168067575,14448.154821388714
Tropics,SAT5,440,FFSS,14869.829391900314,14923.616861011651
Tropics,SAT5,223,FFSS,1596.9415619417903,1652.4836959287618
Tropics,SAT5,490,FFSS,1119.6540663228116,1175.020076564047
Tropics,SAT5,114,FFSS,8564.060334179432,8618.731888434255
Tropics,SAT5,158,FFSS,7426.709575917329,7482.211264025529
Tropics,SAT5,667,FFSS,3839.250703351073,3893.248015432301
Tropics,SAT5,94,FFSS,18960.455360277207,19016.006765508097
Tropics,SAT5,694,FFSS,12149.022144900828,12204.251362748513
Tropics,SAT5,98,FFSS,13313.508520470548,13369.137014621443
Tropics,SAT5,59,FFSS,2676.883944522271,2732.1043967517785
Tropics,SAT5,344,FFSS,12734.62753088891,12790.106708715713
Tropics,SAT5,278,FFSS,12821.519459436935,12876.927248304866
Tropics,SAT5,975,FFSS,351.99710839536175,407.53335079541563
Tropics,SAT5,243,FFSS,3168.8408803782145,3223.053133048387
Tropics,SAT5,838,FFSS,6225.904499282261,6281.525017223524
Tropics,SAT5,102,FFSS,7666.783804694801,7722.5688485708615
Tropics,SAT5,663,FFSS,9555.381854215937,9609.342383567784
Tropics,SAT5,807,FFSS,9761.187125210761,9815.144746989678
Tropics,SAT5,1082,FFSS,17055.401687185822,17111.228663522896
Tropics,SAT5,868,FFSS,21191.908328008583,21246.25401501979
Tropics,SAT5,1185,FFSS,16333.410188245898,16388.940767158194
Tropics,SAT5,726,FFSS,20993.37993059457,21047.217015971226
Tropics,SAT5,44,FFSS,19397.06373583034,19452.437834879787
Tropics,SAT5,6,FFSS,2546.0421902430576,2601.400808062578
Tropics,SAT5,234,FFSS,14492.172346232792,14546.668357946979
Tropics,SAT5,1064,FFSS,21581.776412038962,21600.0
Tropics,SAT5,287,FFSS,1497.8832390778978,1553.2601799833224
Tropics,SAT5,283,FFSS,7192.232675201188,7247.867165755306
Tropics,SAT5,1187,FFSS,16501.09697343887,16556.73699816173
Tropics,SAT5,103,FFSS,19694.829904616938,19750.046207990858
Tropics,SAT5,1128,FFSS,16095.803792697854,16150.917667340027
Tropics,SAT5,215,FFSS,12960.21505092622,13015.648407838566
Tropics,SAT5,179,FFSS,3030.259567055099,3084.748991221164
Tropics,SAT5,1129,FFSS,16172.70722564003,16228.175729184755
Tropics,SAT5,1,FFSS,2127.561113719437,2183.2488648730364
Tropics,SAT5,1,FFSS,8079.903112650217,8135.237373589902
Tropics,SAT5,49,FFSS,7911.20626603521,7966.673487532294
Tropics,SAT5,49,FFSS,13863.858091269685,13919.166187018933
Tropics,SAT5,1002,FFSS,21480.552165174686,21535.131506334143
Tropics,SAT5,906,FFSS,6136.211678441747,6191.629240221846
Tropics,SAT5,877,FFSS,9850.807705142872,9905.106609449194
Tropics,SAT5,507,FFSS,20634.735130741505,20688.70863952544
Tropics,SAT5,970,FFSS,5980.945394530268,6036.779960472306
Tropics,SAT5,945,FFSS,10004.970433814433,10059.314215155524
Tropics,SAT5,150,FFSS,18752.72210224076,18808.336046197855
Tropics,SAT5,1036,FFSS,186.78411926292154,242.54733090482142
Tropics,SAT5,1006,FFSS,15798.86335948203,15853.40265995877
Tropics,SAT5,941,FFSS,15699.274856486947,15753.905771570644
Tropics,SAT5,1146,FFSS,5612.28915148936,5668.233889908895
Tropics,SAT5,369,FFSS,14761.023867635795,14814.890201939026
Tropics,SAT5,420,FFSS,1228.810429583867,1284.270098269154
Tropics,SAT5,211,FFSS,18641.898501090054,18697.34521138149
Tropics,SAT5,1028,FFSS,11550.402604945128,11606.013231172767
Tropics,SAT5,1014,FFSS,4435.580863903238,4490.175015274291
Tropics,SAT5,1068,FFSS,15918.702061844013,15973.551528179469
Tropics,SAT5,1094,FFSS,66.87246807305,122.57026907423825
Tropics,SAT5,4,FFSS,2379.1737593416474,2434.5354956852425
Tropics,SAT5,46,FFSS,13611.873722879982,13667.330017261374
Tropics,SAT5,46,FFSS,19563.88321643014,19619.260988929018
Tropics,SAT5,1010,FFSS,10117.20671601674,10171.7510867124
Tropics,SAT5,1032,FFSS,5868.631524394375,5924.297414929583
Tropics,SAT5,1192,FFSS,5015.8407965443075,5071.366306854772
Tropics,SAT5,1192,FFSS,10968.809801082849,11024.547512201512
Tropics,SAT5,902,FFSS,11837.839599709658,11854.13328729367
Tropics,SAT5,416,FFSS,6938.138714635668,6993.470328055707
Tropics,SAT5,962,FFSS,17369.843728366704,17425.384946756232
Tropics,SAT5,829,FFSS,17583.596343875353,17639.001454646073
Tropics,SAT5,301,FFSS,14659.425662237874,14713.481050207549
Tropics,SAT5,47,FFSS,13696.289715288141,13751.688692898304
Tropics,SAT5,3,FFSS,2294.722914130818,2350.155573473468
Tropics,SAT5,230,FFSS,20186.76723347065,20240.972720646998
Tropics,SAT5,0,FFSS,7995.4994754569725,8050.917765016565
Tropics,SAT5,154,FFSS,13089.700956636188,13145.244159748954
Tropics,SAT5,118,FFSS,2901.1580370702814,2955.781692902386
Tropics,SAT5,50,FFSS,7995.499475456972,8050.917765016563
Tropics,SAT5,374,FFSS,9112.570670112013,9166.637192146183
Tropics,SAT5,802,FFSS,15409.439558715143,15463.558579556315
Tropics,SAT5,843,FFSS,578.0345021353388,633.376924576562
Tropics,SAT5,1090,FFSS,5729.772942556302,5785.488820644328
Tropics,SAT5,1072,FFSS,10255.658425882782,10310.473778284831
Tropics,SAT5,41,FFSS,19145.398196033664,19201.09222619396
Tropics,SAT12,33,FFSS_22.0_FOR,208.58594519745716,264.62730382449774
Tropics,SAT12,33,FFSS_22.0_FOR,6160.231145586177,6215.874461710556
Tropics,SAT12,33,FFSS_22.0_FOR,12107.155148812102,12163.55549585444
Tropics,SAT12,526,FFSS_22.0_FOR,10437.558297186915,10493.644381986906
Tropics,SAT12,670,FFSS_22.0_FOR,10320.434299945784,10377.353243682059
Tropics,SAT12,419,FFSS_22.0_FOR,7244.154760994492,7298.810540156401
Tropics,SAT12,847,FFSS_22.0_FOR,13541.762995472978,13595.615742689262
Tropics,SAT12,24,FFSS_22.0_FOR,17309.04683212225,17364.82362358862
Tropics,SAT12,272,FFSS_22.0_FOR,18293.522211394607,18347.94433596676
Tropics,SAT12,422,FFSS_22.0_FOR,1473.6302353283616,1528.8750310512619
Tropics,SAT12,29,FFSS_22.0_FOR,5827.06391533322,5883.59245727752
Tropics,SAT12,29,FFSS_22.0_FOR,11776.527119787379,11832.228752207515
Tropics,SAT12,29,FFSS_22.0_FOR,17726.71651232661,17782.543526760925
Tropics,SAT12,81,FFSS_22.0_FOR,5655.368230914174,5711.4597948589735
Tropics,SAT12,81,FFSS_22.0_FOR,11615.667152741033,11673.764966470293
Tropics,SAT12,23,FFSS_22.0_FOR,17226.440138642294,17282.483932167794
Tropics,SAT12,76,FFSS_22.0_FOR,17180.590309384188,17237.331736159595
Tropics,SAT12,383,FFSS_22.0_FOR,16426.723088675066,16483.046389883068
Tropics,SAT12,392,FFSS_22.0_FOR,5069.246006415259,5125.107464816568
Tropics,SAT12,813,FFSS_22.0_FOR,4294.6257848008745,4351.694100452653
Tropics,SAT12,27,FFSS_22.0_FOR,11608.722406534007,11664.544930802525
Tropics,SAT12,27,FFSS_22.0_FOR,17561.685050139844,17617.262106886294
Tropics,SAT12,36,FFSS_22.0_FOR,459.4242041423871,515.0939477528775
Tropics,SAT12,36,FFSS_22.0_FOR,6408.177754495782,6464.2250197475805
Tropics,SAT12,495,FFSS_22.0_FOR,1657.5476724899747,1711.4580806256695
Tropics,SAT12,730,FFSS_22.0_FOR,21469.56665405238,21525.007788518946
Tropics,SAT12,594,FFSS_22.0_FOR,16078.224508152556,16134.015006421147
Tropics,SAT12,462,FFSS_22.0_FOR,4984.275158215127,5041.34894605824
Tropics,SAT12,740,FFSS_22.0_FOR,10164.499686415347,10219.800914669126
Tropics,SAT12,282,FFSS_22.0_FOR,7032.371239513818,7088.098082447342
Tropics,SAT12,979,FFSS_22.0_FOR,19500.488551041024,19555.43366435279
Tropics,SAT12,563,FFSS_22.0_FOR,7435.419283082595,7489.205728978351
Tropics,SAT12,82,FFSS_22.0_FOR,5731.05094029017,5786.849528903022
Tropics,SAT12,82,FFSS_22.0_FOR,17677.211982260404,17734.448884667432
Tropics,SAT12,85,FFSS_22.0_FOR,7.735607785490675,63.59688457282899
Tropics,SAT12,85,FFSS_22.0_FOR,11949.42051901385,12007.40593350276
Tropics,SAT12,85,FFSS_22.0_FOR,17913.09549567701,17968.354482274615
Tropics,SAT12,354,FFSS_22.0_FOR,1468.2487170825248,1523.419606429762
Tropics,SAT12,75,FFSS_22.0_FOR,17102.037820764894,17157.98069307847
Tropics,SAT12,800,FFSS_22.0_FOR,21363.104417155355,21418.451525639604
Tropics,SAT12,219,FFSS_22.0_FOR,1132.6066752704526,1187.4384461271607
Tropics,SAT12,1043,FFSS_22.0_FOR,19651.78042058349,19707.393557689724
Tropics,SAT12,999,FFSS_22.0_FOR,21081.457208682226,21138.070170353752
Tropics,SAT12,218,FFSS_22.0_FOR,1061.309602793104,1118.1567562881778
Tropics,SAT12,1042,FFSS_22.0_FOR,19583.29932776037,19637.656682754918
Tropics,SAT12,1177,FFSS_22.0_FOR,3348.8587205904932,3404.3080810799215
Tropics,SAT12,1177,FFSS_22.0_FOR,9293.542447452539,9350.684568665465
Tropics,SAT12,736,FFSS_22.0_FOR,15876.232137779005,15932.830450568617
Tropics,SAT12,40,FFSS_22.0_FOR,787.9976122509514,844.8278116266258
Tropics,SAT12,878,FFSS_22.0_FOR,9925.73267100647,9981.022855904617
Tropics,SAT12,1107,FFSS_22.0_FOR,14136.99292672471,14192.821435532893
Tropics,SAT12,457,FFSS_22.0_FOR,10636.966239779604,10693.119027381337
Tropics,SAT12,744,FFSS_22.0_FOR,4451.632475102444,4507.119650824858
Tropics,SAT12,714,FFSS_22.0_FOR,2012.529929944492,2066.939626726367
Tropics,SAT12,340,FFSS_22.0_FOR,18449.727779206492,18503.958173746047
Tropics,SAT12,993,FFSS_22.0_FOR,2606.1895821783546,2661.0396093559034
Tropics,SAT12,882,FFSS_22.0_FOR,4223.573235715106,4279.072724961244
Tropics,SAT12,598,FFSS_22.0_FOR,10359.064488525917,10414.32064819189
Tropics,SAT12,494,FFSS_22.0_FOR,1596.900758029958,1651.675586212849
Tropics,SAT12,781,FFSS_22.0_FOR,7781.161390344098,7835.193479286661
Tropics,SAT12,631,FFSS_22.0_FOR,13161.303794919953,13216.041732476695
Tropics,SAT12,461,FFSS_22.0_FOR,4924.383517809817,4979.658708458213
Tropics,SAT12,95,FFSS_22.0_FOR,819.2824118740978,874.5418549380963
Tropics,SAT12,1052,FFSS_22.0_FOR,8400.382962209109,8455.101704343511
Tropics,SAT12,628,FFSS_22.0_FOR,18938.65072948971,18994.00089075844
Tropics,SAT12,1110,FFSS_22.0_FOR,8400.38296220911,8455.101704343515
Tropics,SAT12,1179,FFSS_22.0_FOR,3514.88682313387,3570.656468155229
Tropics,SAT12,38,FFSS_22.0_FOR,627.2000558096549,682.7157492507898
Tropics,SAT12,700,FFSS_22.0_FOR,19042.134963407556,19097.117843244174
Tropics,SAT12,521,FFSS_22.0_FOR,16094.077000525493,16150.883982198222
Tropics,SAT12,665,FFSS_22.0_FOR,15977.694703245983,16033.853373355712
Tropics,SAT12,1049,FFSS_22.0_FOR,8153.534531286001,8209.530361197587
Tropics,SAT12,1122,FFSS_22.0_FOR,9324.896129444563,9380.497072754044
Tropics,SAT12,775,FFSS_22.0_FOR,13373.663480022642,13428.772758874318
Tropics,SAT12,486,FFSS_22.0_FOR,13022.459147441217,13076.831227843824
Tropics,SAT12,1050,FFSS_22.0_FOR,8220.036114219696,8274.41829847198
Tropics,SAT12,992,FFSS_22.0_FOR,2538.4501705244024,2592.913725202964
Tropics,SAT12,481,FFSS_22.0_FOR,18675.47516621364,18729.415211428346
Tropics,SAT12,1109,FFSS_22.0_FOR,8328.603325559616,8383.539999481154
Tropics,SAT12,1051,FFSS_22.0_FOR,8288.013923384276,8343.081292582128
Tropics,SAT12,731,FFSS_22.0_FOR,21529.42612011067,21585.21446425208
Tropics,SAT12,674,FFSS_22.0_FOR,4605.27259713418,4660.590965590091
Tropics,SAT12,353,FFSS_22.0_FOR,1406.873659341229,1461.015599387333
Tropics,SAT12,343,FFSS_22.0_FOR,12683.035347279792,12739.117745238627
Tropics,SAT12,321,FFSS_22.0_FOR,10885.131874917379,10941.972243850012
Tropics,SAT12,705,FFSS_22.0_FOR,13385.01857291648,13440.836080926587
Tropics,SAT12,805,FFSS_22.0_FOR,15714.95643262997,15770.202665630834
Tropics,SAT12,641,FFSS_22.0_FOR,1839.7159879752135,1893.7112701605108
Tropics,SAT12,254,FFSS_22.0_FOR,10863.407304423436,10920.94880077088
Tropics,SAT12,22,FFSS_22.0_FOR,17145.511828506023,17202.415071231462
Tropics,SAT12,1180,FFSS_22.0_FOR,3594.9097461520405,3651.54306376711
Tropics,SAT12,602,FFSS_22.0_FOR,4638.778754846181,4695.613135043384
Tropics,SAT12,37,FFSS_22.0_FOR,543.7717488735964,599.3364669084074
Tropics,SAT12,28,FFSS_22.0_FOR,11692.201960706989,11747.936046089917
Tropics,SAT12,28,FFSS_22.0_FOR,17645.086719087576,17700.618464483145
Tropics,SAT12,31,FFSS_22.0_FOR,5991.61754245415,6047.360228279178
Tropics,SAT12,31,FFSS_22.0_FOR,11944.809745972065,12000.33089635833
Tropics,SAT12,944,FFSS_22.0_FOR,9845.415011774387,9901.4527537862
Tropics,SAT12,1001,FFSS_22.0_FOR,15263.964931926877,15320.661288113655
Tropics,SAT12,252,FFSS_22.0_FOR,16686.99931200939,16744.027185171846
Tropics,SAT12,1041,FFSS_22.0_FOR,19516.426693108475,19571.697233011197
Tropics,SAT12,1053,FFSS_22.0_FOR,8474.31398803384,8530.381512808903
Tropics,SAT12,391,FFSS_22.0_FOR,5008.26196947395,5063.847781158377
Tropics,SAT12,74,FFSS_22.0_FOR,17025.60773845865,17081.46941898332
Tropics,SAT12,319,FFSS_22.0_FOR,10759.432142807116,10816.280353822034
Tropics,SAT12,26,FFSS_22.0_FOR,11526.64723986553,11582.890418819858
Tropics,SAT12,26,FFSS_22.0_FOR,17477.34578821053,17533.028439592857
Tropics,SAT12,345,FFSS_22.0_FOR,12809.499549555572,12864.56027572389
Tropics,SAT12,568,FFSS_22.0_FOR,1778.3787203004315,1832.3938486414916
Tropics,SAT12,873,FFSS_22.0_FOR,15564.59393333056,15620.141506588368
Tropics,SAT12,806,FFSS_22.0_FOR,15774.189667699791,15831.330267245983
Tropics,SAT12,83,FFSS_22.0_FOR,5808.868924585939,5865.272371008846
Tropics,SAT12,83,FFSS_22.0_FOR,17758.40308628366,17814.48653204602
Tropics,SAT12,557,FFSS_22.0_FOR,13031.849414876393,13087.580555396164
Tropics,SAT12,632,FFSS_22.0_FOR,13220.088706829487,13273.866742858585
Tropics,SAT12,90,FFSS_22.0_FOR,6386.217251016347,6442.679141192215
Tropics,SAT12,408,FFSS_22.0_FOR,18478.875146538478,18534.634841035935
Tropics,SAT12,527,FFSS_22.0_FOR,10497.142503053286,10552.482441260181
Tropics,SAT12,1172,FFSS_22.0_FOR,2935.100030664146,2991.7214843704674
Tropics,SAT12,1172,FFSS_22.0_FOR,8880.96777857916,8936.29690599285
Tropics,SAT12,1172,FFSS_22.0_FOR,14832.925953386242,14888.5553018089
Tropics,SAT12,879,FFSS_22.0_FOR,9986.566984457453,10043.594200350706
Tropics,SAT12,381,FFSS_22.0_FOR,16330.265607755182,16362.090247217951
Tropics,SAT12,809,FFSS_22.0_FOR,10005.380434238212,10060.992282998754
Tropics,SAT12,1212,FFSS_22.0_FOR,19952.938854449127,20009.512815105005
Tropics,SAT12,339,FFSS_22.0_FOR,18386.450074042248,18441.2946739015
Tropics,SAT12,1127,FFSS_22.0_FOR,3752.7669232394605,3808.772911769143
Tropics,SAT12,668,FFSS_22.0_FOR,10201.81478559713,10258.527874179403
Tropics,SAT12,1215,FFSS_22.0_FOR,20198.26428712282,20253.548339950343
Tropics,SAT12,1169,FFSS_22.0_FOR,8634.187780539381,8690.326827799076
Tropics,SAT12,1169,FFSS_22.0_FOR,14581.684354547226,14637.045118174554
Tropics,SAT12,1169,FFSS_22.0_FOR,20532.754635845293,20588.52047914476
Tropics,SAT12,642,FFSS_22.0_FOR,1897.871777887299,1952.120940784356
Tropics,SAT12,214,FFSS_22.0_FOR,6743.720140436159,6800.181825595214
Tropics,SAT12,189,FFSS_22.0_FOR,16743.63572785206,16799.243970393418
Tropics,SAT12,1005,FFSS_22.0_FOR,9581.661127651136,9638.690620811647
Tropics,SAT12,1116,FFSS_22.0_FOR,2867.088300275758,2921.9599908025057
Tropics,SAT12,1116,FFSS_22.0_FOR,14810.102277039181,14867.74894175866
Tropics,SAT12,1116,FFSS_22.0_FOR,20770.60725819843,20826.6272746986
Tropics,SAT12,382,FFSS_22.0_FOR,16365.725958369516,16421.11326257098
Tropics,SAT12,810,FFSS_22.0_FOR,10066.362137310358,10121.972795964131
Tropics,SAT12,1161,FFSS_22.0_FOR,19961.96105745996,20017.303703159683
Tropics,SAT12,193,FFSS_22.0_FOR,11061.991200960287,11117.614227381531
Tropics,SAT12,564,FFSS_22.0_FOR,7493.250458045897,7518.125276673201
Tropics,SAT12,708,FFSS_22.0_FOR,7610.34537736946,7664.651343844952
Tropics,SAT12,452,FFSS_22.0_FOR,16289.639828447946,16345.194685100587
Tropics,SAT12,739,FFSS_22.0_FOR,10103.71216093596,10159.794735293952
Tropics,SAT12,324,FFSS_22.0_FOR,5120.162186732789,5175.883951871896
Tropics,SAT12,460,FFSS_22.0_FOR,4863.923628714031,4920.591434763485
Tropics,SAT12,284,FFSS_22.0_FOR,1208.1721496206324,1264.5634151376048
Tropics,SAT12,934,FFSS_22.0_FOR,21104.837131360662,21160.601880272985
Tropics,SAT12,198,FFSS_22.0_FOR,5448.470312505921,5504.633069186267
Tropics,SAT12,673,FFSS_22.0_FOR,4545.496468219729,4601.513110025238
Tropics,SAT12,131,FFSS_22.0_FOR,16970.2564254818,17026.997268328658
Tropics,SAT12,259,FFSS_22.0_FOR,5233.401210465864,5289.329265118524
Tropics,SAT12,943,FFSS_22.0_FOR,9781.598161413829,9837.034472581649
Tropics,SAT12,1071,FFSS_22.0_FOR,3943.1593642952753,4000.160945739922
Tropics,SAT12,1062,FFSS_22.0_FOR,15199.856957827351,15255.324151638204
Tropics,SAT12,97,FFSS_22.0_FOR,967.713109290151,1024.2573218220969
Tropics,SAT12,532,FFSS_22.0_FOR,4840.216603119627,4895.8897573683535
Tropics,SAT12,155,FFSS_22.0_FOR,972.4759368328682,1027.7479386272091
Tropics,SAT12,1120,FFSS_22.0_FOR,9164.86549371834,9222.189368186015
Tropics,SAT12,1120,FFSS_22.0_FOR,15122.151661754833,15178.646437888438
Tropics,SAT12,485,FFSS_22.0_FOR,12962.74024127355,13016.854186582475
Tropics,SAT12,772,FFSS_22.0_FOR,19146.340048578786,19201.025181109213
Tropics,SAT12,197,FFSS_22.0_FOR,5380.377403802533,5436.0611084396405
Tropics,SAT12,1175,FFSS_22.0_FOR,3180.3282889582174,3235.6239564280104
Tropics,SAT12,1175,FFSS_22.0_FOR,9132.862849298119,9188.407995046264
Tropics,SAT12,921,FFSS_22.0_FOR,8002.11203960452,8056.21024226944
Tropics,SAT12,604,FFSS_22.0_FOR,4755.925258341499,4812.692464025918
Tropics,SAT12,78,FFSS_22.0_FOR,11378.216232288869,11433.98995979339
Tropics,SAT12,874,FFSS_22.0_FOR,15627.135349212862,15682.871832382532
Tropics,SAT12,77,FFSS_22.0_FOR,11303.220530305887,11359.694617134308
Tropics,SAT12,77,FFSS_22.0_FOR,17261.116073374404,17318.89723477209
Tropics,SAT12,194,FFSS_22.0_FOR,11130.327279545156,11186.724053472866
Tropics,SAT12,859,FFSS_22.0_FOR,2362.9898256914535,2417.8865501403047
Tropics,SAT12,599,FFSS_22.0_FOR,10417.09620570645,10473.31723944853
Tropics,SAT12,870,FFSS_22.0_FOR,21327.812897369615,21384.68330350052
Tropics,SAT12,133,FFSS_22.0_FOR,11161.693831681529,11217.87272758532
Tropics,SAT12,348,FFSS_22.0_FOR,7045.440129171708,7100.187532517438
Tropics,SAT12,913,FFSS_22.0_FOR,19406.29114303111,19462.372568829753
Tropics,SAT12,1070,FFSS_22.0_FOR,3873.7480441900384,3929.2767976028726
Tropics,SAT12,147,FFSS_22.0_FOR,12297.738791970745,12353.358627850694
Tropics,SAT12,735,FFSS_22.0_FOR,15817.169890111865,15872.374705419721
Tropics,SAT12,139,FFSS_22.0_FOR,5644.991608108925,5702.173986046658
Tropics,SAT12,255,FFSS_22.0_FOR,10927.448029243804,10983.02066178367
Tropics,SAT12,130,FFSS_22.0_FOR,16896.516529506007,16952.240836233457
Tropics,SAT12,210,FFSS_22.0_FOR,12426.055613332219,12482.163268061247
Tropics,SAT12,1009,FFSS_22.0_FOR,3899.282389187329,3956.6772895462746
Tropics,SAT12,157,FFSS_22.0_FOR,1114.512592204172,1170.8795862289535
Tropics,SAT12,1102,FFSS_22.0_FOR,19726.341673279254,19780.94005551901
Tropics,SAT12,1069,FFSS_22.0_FOR,3800.496001903549,3856.43413909175
Tropics,SAT12,148,FFSS_22.0_FOR,12371.625367151342,12426.43795114907
Tropics,SAT12,250,FFSS_22.0_FOR,16557.309397112764,16613.85668585304
Tropics,SAT12,947,FFSS_22.0_FOR,4086.8668678472477,4142.685036514113
Tropics,SAT12,271,FFSS_22.0_FOR,18226.23934767905,18282.556532763178
Tropics,SAT12,1066,FFSS_22.0_FOR,9536.8321641653,9592.31602707402
Tropics,SAT12,387,FFSS_22.0_FOR,10717.48152778062,10772.877935676473
Tropics,SAT12,815,FFSS_22.0_FOR,4417.343764141741,4473.797537374371
Tropics,SAT12,151,FFSS_22.0_FOR,6635.1355187119,6690.571122031887
Tropics,SAT12,196,FFSS_22.0_FOR,5313.724244418702,5371.2630654249315
Tropics,SAT12,986,FFSS_22.0_FOR,8047.851583580944,8103.030619227875
Tropics,SAT12,1126,FFSS_22.0_FOR,3677.913445475577,3733.439765284697
Tropics,SAT12,325,FFSS_22.0_FOR,5182.950951185622,5238.773430310726
Tropics,SAT12,780,FFSS_22.0_FOR,7721.181734198802,7775.503656031317
Tropics,SAT12,1112,FFSS_22.0_FOR,8514.576748068479,8569.501420233062
Tropics,SAT12,1112,FFSS_22.0_FOR,20455.19162054428,20513.14133245023
Tropics,SAT12,1165,FFSS_22.0_FOR,14315.413341011837,14371.06102775363
Tropics,SAT12,91,FFSS_22.0_FOR,6465.9433227735035,6521.415251968604
Tropics,SAT12,1113,FFSS_22.0_FOR,8590.763848558176,8645.857130957907
Tropics,SAT12,1113,FFSS_22.0_FOR,20537.51043899381,20594.458155220218
Tropics,SAT12,1164,FFSS_22.0_FOR,14237.77935218398,14292.70883580587
Tropics,SAT12,745,FFSS_22.0_FOR,4511.571353597738,4567.306494136416
Tropics,SAT12,559,FFSS_22.0_FOR,13150.632693368021,13205.682019948323
Tropics,SAT12,703,FFSS_22.0_FOR,13266.992278652619,13321.910816536954
Tropics,SAT12,699,FFSS_22.0_FOR,18983.430869463766,19037.170094105455
Tropics,SAT12,451,FFSS_22.0_FOR,16229.449285085802,16285.250458900657
Tropics,SAT12,84,FFSS_22.0_FOR,5888.731119574845,5946.1393593214325
Tropics,SAT12,84,FFSS_22.0_FOR,17837.231869730087,17892.493513645622
Tropics,SAT12,73,FFSS_22.0_FOR,16951.286887554714,17008.315084609138
Tropics,SAT12,522,FFSS_22.0_FOR,16154.004261209773,16209.22397171264
Tropics,SAT12,626,FFSS_22.0_FOR,18821.99021456539,18877.2725027794
Tropics,SAT12,79,FFSS_22.0_FOR,11455.342341799078,11511.486377902735
Tropics,SAT12,916,FFSS_22.0_FOR,13641.414691836077,13695.474432641695
Tropics,SAT12,414,FFSS_22.0_FOR,12893.044311722195,12947.12366253489
Tropics,SAT12,842,FFSS_22.0_FOR,19190.109799121365,19244.17691054172
Tropics,SAT12,315,FFSS_22.0_FOR,16461.248233784067,16517.03953165687
Tropics,SAT12,1057,FFSS_22.0_FOR,2811.6723959670294,2867.9949181421052
Tropics,SAT12,1057,FFSS_22.0_FOR,20788.19524529953,20844.645115111605
Tropics,SAT12,709,FFSS_22.0_FOR,7669.559591695074,7723.534086522601
Tropics,SAT12,1105,FFSS_22.0_FOR,13991.813481308387,14046.911443252515
Tropics,SAT12,280,FFSS_22.0_FOR,6903.72596900907,6959.197752701797
Tropics,SAT12,977,FFSS_22.0_FOR,19371.935114236374,19428.00957256937
Tropics,SAT12,771,FFSS_22.0_FOR,19086.556749064173,19140.40946663446
Tropics,SAT12,938,FFSS_22.0_FOR,15409.708524719768,15466.106412743358
Tropics,SAT12,80,FFSS_22.0_FOR,5581.754651253147,5639.580345478934
Tropics,SAT12,80,FFSS_22.0_FOR,11534.560353476805,11591.630255610731
Tropics,SAT12,1045,FFSS_22.0_FOR,13834.970018620743,13890.575342992726
Tropics,SAT12,1047,FFSS_22.0_FOR,13969.877169820682,14025.199645381228
Tropics,SAT12,490,FFSS_22.0_FOR,7310.281136013118,7364.127496460325
Tropics,SAT12,777,FFSS_22.0_FOR,13493.556211519483,13549.17643865125
Tropics,SAT12,997,FFSS_22.0_FOR,20946.1929981229,21002.590317024446
Tropics,SAT12,220,FFSS_22.0_FOR,1200.131837691777,1254.9296805651854
Tropics,SAT12,1059,FFSS_22.0_FOR,20933.693546391052,20989.875184035114
Tropics,SAT12,386,FFSS_22.0_FOR,10656.450001589506,10712.765312264377
Tropics,SAT12,814,FFSS_22.0_FOR,4357.49453949195,4412.74850964013
Tropics,SAT12,1103,FFSS_22.0_FOR,19799.708880462666,19855.31542595924
Tropics,SAT12,135,FFSS_22.0_FOR,11307.605641867793,11364.559161374864
Tropics,SAT12,1046,FFSS_22.0_FOR,13901.652047748967,13955.999426551147
Tropics,SAT12,786,FFSS_22.0_FOR,2128.396581179621,2183.011153909873
Tropics,SAT12,998,FFSS_22.0_FOR,21015.71047234672,21071.110174843077
Tropics,SAT12,1123,FFSS_22.0_FOR,3437.1004551919864,3495.086524800538
Tropics,SAT12,1123,FFSS_22.0_FOR,9400.815156227816,9456.520218680356
Tropics,SAT12,939,FFSS_22.0_FOR,15475.900812602855,15531.243632148544
Tropics,SAT12,523,FFSS_22.0_FOR,16212.80582026238,16269.694941313352
Tropics,SAT12,286,FFSS_22.0_FOR,1339.2968744800562,1394.2208804841935
Tropics,SAT12,983,FFSS_22.0_FOR,13806.117866445553,13860.53234095497
Tropics,SAT12,413,FFSS_22.0_FOR,12831.64019099157,12886.356034118447
Tropics,SAT12,94,FFSS_22.0_FOR,740.3920558830752,796.486495089643
Tropics,SAT12,1119,FFSS_22.0_FOR,3103.869957188563,3161.3903251365123
Tropics,SAT12,1119,FFSS_22.0_FOR,15048.500183216811,15104.046101991788
Tropics,SAT12,344,FFSS_22.0_FOR,12747.970433304528,12802.141523044298
Tropics,SAT12,940,FFSS_22.0_FOR,15538.505450533326,15595.379315345961
Tropics,SAT12,804,FFSS_22.0_FOR,15652.784645890857,15709.200486141352
Tropics,SAT12,410,FFSS_22.0_FOR,18601.11069177938,18656.310855440275
Tropics,SAT12,138,FFSS_22.0_FOR,5570.687430437194,5626.524206517133
Tropics,SAT12,1162,FFSS_22.0_FOR,14106.38333708329,14145.613493777337
Tropics,SAT12,1162,FFSS_22.0_FOR,20041.001070973794,20097.384994364555
Tropics,SAT12,1065,FFSS_22.0_FOR,9463.117255007484,9519.206746186854
Tropics,SAT12,137,FFSS_22.0_FOR,5498.547140948242,5554.565577228701
Tropics,SAT12,423,FFSS_22.0_FOR,1535.714154962684,1589.6703149507207
Tropics,SAT12,851,FFSS_22.0_FOR,7832.639244354609,7887.037304946711
Tropics,SAT12,152,FFSS_22.0_FOR,6708.557189757575,6763.378645866803
Tropics,SAT12,1115,FFSS_22.0_FOR,2792.34010791973,2847.832755046156
Tropics,SAT12,1115,FFSS_22.0_FOR,8749.396520770168,8806.54937492471
Tropics,SAT12,1115,FFSS_22.0_FOR,20695.837815278523,20751.347282967963
Tropics,SAT12,96,FFSS_22.0_FOR,895.2209981556871,950.4522358347044
Tropics,SAT12,134,FFSS_22.0_FOR,11233.58538658547,11289.353657997552
Tropics,SAT12,1121,FFSS_22.0_FOR,9246.044217815688,9302.346638254081
Tropics,SAT12,156,FFSS_22.0_FOR,1045.4286665886632,1100.2879290588673
Tropics,SAT12,1101,FFSS_22.0_FOR,19655.051363955587,19710.344713328966
Tropics,SAT12,144,FFSS_22.0_FOR,18034.63360167141,18089.465183804958
Tropics,SAT12,1061,FFSS_22.0_FOR,15125.683446429472,15181.943850288299
Tropics,SAT12,713,FFSS_22.0_FOR,1953.6013813874758,2007.5120943111965
Tropics,SAT12,868,FFSS_22.0_FOR,21202.50298456059,21259.05491264197
Tropics,SAT12,32,FFSS_22.0_FOR,127.70035350756416,184.61976987466002
Tropics,SAT12,32,FFSS_22.0_FOR,6075.726477646136,6131.438645426472
Tropics,SAT12,32,FFSS_22.0_FOR,12027.134487364874,12082.79445123054
Tropics,SAT12,554,FFSS_22.0_FOR,18807.904926690866,18862.315853639968
Tropics,SAT12,698,FFSS_22.0_FOR,18923.53213764232,18979.28071796681
Tropics,SAT12,788,FFSS_22.0_FOR,2245.081060161088,2299.873234592562
Tropics,SAT12,1178,FFSS_22.0_FOR,3432.597756562668,3488.0961740106295
Tropics,SAT12,857,FFSS_22.0_FOR,2245.0810601610856,2299.8732345925605
Tropics,SAT12,799,FFSS_22.0_FOR,21323.44534425165,21357.33883532425
Tropics,SAT12,418,FFSS_22.0_FOR,7183.912256063707,7238.023049582771
Tropics,SAT12,846,FFSS_22.0_FOR,13480.901937233657,13536.261945548707
Tropics,SAT12,39,FFSS_22.0_FOR,708.8745037474793,764.6738131921064
Tropics,SAT12,1173,FFSS_22.0_FOR,3015.160647164994,3070.719034504189
Tropics,SAT12,1173,FFSS_22.0_FOR,8965.288236511617,9020.707023955309
Tropics,SAT12,1173,FFSS_22.0_FOR,14913.754607272125,14970.010798163567
Tropics,SAT12,912,FFSS_22.0_FOR,19343.237992332044,19397.29803397387
Tropics,SAT12,491,FFSS_22.0_FOR,7369.200824901666,7424.348031450345
Tropics,SAT12,92,FFSS_22.0_FOR,6542.9028761323,6598.027501562431
Tropics,SAT12,1125,FFSS_22.0_FOR,3599.9534450496503,3655.9751714757613
Tropics,SAT12,922,FFSS_22.0_FOR,8065.209091634992,8121.453148949204
Tropics,SAT12,30,FFSS_22.0_FOR,5908.562951894707,5964.46868607027
Tropics,SAT12,30,FFSS_22.0_FOR,11860.995606100374,11916.606428115929
Tropics,SAT12,30,FFSS_22.0_FOR,17805.777760730158,17862.657654300623
Tropics,SAT12,320,FFSS_22.0_FOR,10822.030396770171,10877.445650531907
Tropics,SAT12,153,FFSS_22.0_FOR,6778.134713321702,6834.194007595269
Tropics,SAT12,1064,FFSS_22.0_FOR,9385.861944123668,9443.81867284182
Tropics,SAT12,531,FFSS_22.0_FOR,4780.937518829506,4836.520221797238
Tropics,SAT12,35,FFSS_22.0_FOR,374.9732473772844,430.6904065356127
Tropics,SAT12,35,FFSS_22.0_FOR,6327.28510556287,6382.8466706301415
Tropics,SAT12,285,FFSS_22.0_FOR,1275.558672870966,1329.9919331239973
Tropics,SAT12,982,FFSS_22.0_FOR,13741.756548254123,13796.278732602084
Tropics,SAT12,251,FFSS_22.0_FOR,16621.603650763023,16677.13153448489
Tropics,SAT12,948,FFSS_22.0_FOR,4151.9158002292925,4207.450606009715
Tropics,SAT12,935,FFSS_22.0_FOR,21169.78101115777,21225.33497244753
Tropics,SAT12,603,FFSS_22.0_FOR,4698.1586510954,4753.3517408056305
Tropics,SAT12,659,FFSS_22.0_FOR,21575.568084337407,21600.0
Tropics,SAT12,858,FFSS_22.0_FOR,2300.2773613107097,2354.3110839784654
Tropics,SAT12,1163,FFSS_22.0_FOR,14162.290490722433,14217.401538843013
Tropics,SAT12,1163,FFSS_22.0_FOR,20121.94136152834,20179.474371432538
Tropics,SAT12,1114,FFSS_22.0_FOR,8669.084938762235,8725.080063416548
Tropics,SAT12,1114,FFSS_22.0_FOR,20617.94897824979,20673.93666704306
Tropics,SAT12,558,FFSS_22.0_FOR,13092.32565396636,13146.097280417933
Tropics,SAT12,215,FFSS_22.0_FOR,6814.484035730801,6869.183228519117
Tropics,SAT12,349,FFSS_22.0_FOR,7108.5562076378865,7162.821814496754
Tropics,SAT12,206,FFSS_22.0_FOR,18108.315679071115,18164.102599934897
Tropics,SAT12,869,FFSS_22.0_FOR,21266.829344088226,21322.10524434685
Tropics,SAT12,1003,FFSS_22.0_FOR,15400.302501532447,15456.59411180447
Tropics,SAT12,129,FFSS_22.0_FOR,16824.86832714331,16881.24104938278
Tropics,SAT12,664,FFSS_22.0_FOR,15918.946454266925,15974.215046123598
Tropics,SAT12,260,FFSS_22.0_FOR,5297.983181568076,5353.724656403235
Tropics,SAT12,856,FFSS_22.0_FOR,2184.3128651997795,2238.2311800326925
Tropics,SAT12,1011,FFSS_22.0_FOR,4037.7643073118766,4093.570527972973
Tropics,SAT12,89,FFSS_22.0_FOR,6304.362887847851,6361.9918658939805
Tropics,SAT12,89,FFSS_22.0_FOR,12265.020743360252,12320.539096920334
Tropics,SAT12,1111,FFSS_22.0_FOR,8440.506504315437,8496.522619986981
Tropics,SAT12,1111,FFSS_22.0_FOR,14395.102678854057,14451.872716547205
Tropics,SAT12,88,FFSS_22.0_FOR,243.09164104507147,300.8344116379619
Tropics,SAT12,88,FFSS_22.0_FOR,12190.233905433446,12245.37509854905
Tropics,SAT12,192,FFSS_22.0_FOR,10995.162586799852,11052.27968822798
Tropics,SAT12,553,FFSS_22.0_FOR,18749.089153955345,18803.058869808
Tropics,SAT12,207,FFSS_22.0_FOR,18178.00899941894,18232.568517745116
Tropics,SAT12,1067,FFSS_22.0_FOR,9606.732579819964,9663.424389662607
Tropics,SAT12,1166,FFSS_22.0_FOR,8440.506504315437,8496.522619986981
Tropics,SAT12,1166,FFSS_22.0_FOR,14395.102678854057,14451.8727165472
Tropics,SAT12,87,FFSS_22.0_FOR,162.61265086575565,219.31711240839616
Tropics,SAT12,87,FFSS_22.0_FOR,12112.309929862533,12168.062352120887
Tropics,SAT12,216,FFSS_22.0_FOR,6881.471112234174,6936.456064417832
Tropics,SAT12,637,FFSS_22.0_FOR,7559.005367045084,7612.96141556632
Tropics,SAT12,926,FFSS_22.0_FOR,2417.805930151973,2472.0186410583137
Tropics,SAT12,424,FFSS_22.0_FOR,1594.8517223212234,1650.5683585413656
Tropics,SAT12,852,FFSS_22.0_FOR,7893.4088497836865,7947.507127982337
Tropics,SAT12,1168,FFSS_22.0_FOR,14497.72025062522,14552.976761671638
Tropics,SAT12,1168,FFSS_22.0_FOR,20450.509599993657,20505.995460124792
Tropics,SAT12,1216,FFSS_22.0_FOR,14333.503546581518,14389.286451409835
Tropics,SAT12,1216,FFSS_22.0_FOR,20282.44909519648,20337.83643947369
Tropics,SAT12,704,FFSS_22.0_FOR,13326.5298817695,13380.28061201932
Tropics,SAT12,1002,FFSS_22.0_FOR,15334.01850751469,15389.440181831129
Tropics,SAT12,188,FFSS_22.0_FOR,16676.621424022105,16733.372239631804
Tropics,SAT12,409,FFSS_22.0_FOR,18541.497987213235,18595.47187021104
Tropics,SAT12,1118,FFSS_22.0_FOR,3022.9690201946587,3079.33826659957
Tropics,SAT12,1118,FFSS_22.0_FOR,14971.567966648217,15027.328523133865
Tropics,SAT12,93,FFSS_22.0_FOR,659.1552383879834,716.4050247828586
Tropics,SAT12,93,FFSS_22.0_FOR,6616.564304264668,6672.504678967132
Tropics,SAT12,1159,FFSS_22.0_FOR,19810.22619692951,19865.675838710347
Tropics,SAT12,877,FFSS_22.0_FOR,9861.568751878607,9918.007401750929
Tropics,SAT12,593,FFSS_22.0_FOR,16019.9089736292,16075.343456252065
Tropics,SAT12,1124,FFSS_22.0_FOR,3519.458469345805,3576.4464551999167
Tropics,SAT12,1124,FFSS_22.0_FOR,9473.304093878112,9530.455358107014
Tropics,SAT12,273,FFSS_22.0_FOR,18357.16074454202,18412.14857801335
Tropics,SAT12,1058,FFSS_22.0_FOR,20862.822858620162,20918.30051214045
Tropics,SAT12,150,FFSS_22.0_FOR,6558.131619295487,6615.486727734622
Tropics,SAT12,212,FFSS_22.0_FOR,12562.734067028177,12617.956950203232
Tropics,SAT12,143,FFSS_22.0_FOR,0.0,39.84096801239926
Tropics,SAT12,143,FFSS_22.0_FOR,17960.28639400493,18016.10987899764
Tropics,SAT12,277,FFSS_22.0_FOR,12663.711367013273,12718.20137787868
Tropics,SAT12,1006,FFSS_22.0_FOR,9652.24982874924,9707.737017990426
Tropics,SAT12,86,FFSS_22.0_FOR,84.1123974311142,140.030332151044
Tropics,SAT12,86,FFSS_22.0_FOR,12031.815621770183,12088.663341554804
Tropics,SAT12,86,FFSS_22.0_FOR,17985.50196010812,18042.1122196812
Tropics,SAT12,281,FFSS_22.0_FOR,6969.84630959874,7024.156494959856
Tropics,SAT12,978,FFSS_22.0_FOR,19435.748104409777,19489.939302150677
Tropics,SAT12,456,FFSS_22.0_FOR,10576.956190417462,10632.32558331413
Tropics,SAT12,848,FFSS_22.0_FOR,13602.570150319178,13657.944192473104
Tropics,SAT12,211,FFSS_22.0_FOR,12496.2848299606,12550.892955070167
Tropics,SAT12,734,FFSS_22.0_FOR,15755.486618031482,15812.487379414559
Tropics,SAT12,987,FFSS_22.0_FOR,8111.897406240105,8166.063275315929
Tropics,SAT12,190,FFSS_22.0_FOR,16812.223822037864,16868.891164208417
Tropics,SAT12,1007,FFSS_22.0_FOR,9719.071587432612,9775.094757206043
Tropics,SAT12,1068,FFSS_22.0_FOR,3723.6626217923795,3781.340886429837
Tropics,SAT12,149,FFSS_22.0_FOR,12441.694120441243,12497.483282079878
Tropics,SAT12,1171,FFSS_22.0_FOR,8797.301267642843,8852.5445247815
Tropics,SAT12,1171,FFSS_22.0_FOR,14750.086156398285,14805.548751459168
Tropics,SAT12,1213,FFSS_22.0_FOR,20033.03971541569,20088.571928226094
Tropics,SAT12,1010,FFSS_22.0_FOR,3970.4044839061244,4025.999217358934
Tropics,SAT12,208,FFSS_22.0_FOR,18243.920851381106,18299.4338091168
Tropics,SAT12,25,FFSS_22.0_FOR,11446.360311631895,11503.771952500614
Tropics,SAT12,25,FFSS_22.0_FOR,17392.885751450252,17448.616997594676
Tropics,SAT12,316,FFSS_22.0_FOR,16524.0133694526,16579.771502089698
Tropics,SAT12,276,FFSS_22.0_FOR,12598.841074214726,12653.651313263459
Tropics,SAT12,1160,FFSS_22.0_FOR,19885.023550381804,19939.88395841133
Tropics,SAT12,627,FFSS_22.0_FOR,18881.118244892587,18934.833303011135
Tropics,SAT12,942,FFSS_22.0_FOR,9714.141584967228,9771.430854222815
Tropics,SAT12,1106,FFSS_22.0_FOR,14063.345686247818,14117.99145436323
Tropics,SAT12,1174,FFSS_22.0_FOR,3097.0293389013004,3152.2849182986556
Tropics,SAT12,1174,FFSS_22.0_FOR,9049.524532885625,9104.977948882732
Tropics,SAT12,567,FFSS_22.0_FOR,1719.0779003446496,1773.4007531277189
Tropics,SAT12,1056,FFSS_22.0_FOR,2737.4540767943536,2792.2703169225692
Tropics,SAT12,1117,FFSS_22.0_FOR,2943.975907021918,2999.310685134786
Tropics,SAT12,1117,FFSS_22.0_FOR,14891.888831670702,14948.505004986151
Tropics,SAT12,34,FFSS_22.0_FOR,291.15768634264043,346.9229417940988
Tropics,SAT12,34,FFSS_22.0_FOR,6244.360363743052,6299.896278597039
Tropics,SAT12,562,FFSS_22.0_FOR,7375.5474054095475,7430.469370454955
Tropics,SAT12,801,FFSS_22.0_FOR,21423.438263478278,21479.458944822458
Tropics,SAT12,256,FFSS_22.0_FOR,10992.406234758952,11048.657618005658
Tropics,SAT12,261,FFSS_22.0_FOR,5363.832316740126,5421.78532862613
Tropics,SAT12,636,FFSS_22.0_FOR,7500.544524001088,7554.852927001909
Tropics,SAT12,352,FFSS_22.0_FOR,1342.107229087507,1398.0345154580752
Tropics,SAT12,917,FFSS_22.0_FOR,13704.09602090962,13758.887649437675
Tropics,SAT12,1214,FFSS_22.0_FOR,20114.941906434826,20170.182506658937
Tropics,SAT12,1170,FFSS_22.0_FOR,8714.894281927869,8770.283301479154
Tropics,SAT12,1170,FFSS_22.0_FOR,14666.062590990989,14721.492893849752
Tropics,SAT12,1170,FFSS_22.0_FOR,20612.71629690462,20669.3640200792
Tropics,SAT12,480,FFSS_22.0_FOR,18614.909688119806,18669.618258042807
Tropics,SAT12,927,FFSS_22.0_FOR,2482.5128135702853,2537.410025031879
Tropics,SAT12,388,FFSS_22.0_FOR,10778.571054384392,10836.046697797121
Tropics,SAT12,988,FFSS_22.0_FOR,8177.0391587674385,8232.711218815479
Tropics,SAT12,920,FFSS_22.0_FOR,7939.671817720638,7994.395246352503
Tropics,SAT12,1167,FFSS_22.0_FOR,14414.826695555026,14470.115013715616
Tropics,SAT12,1167,FFSS_22.0_FOR,20366.796278907066,20422.23140038387
Tropics,SAT12,154,FFSS_22.0_FOR,895.9017461693312,952.959905961734
Tropics,SAT12,489,FFSS_22.0_FOR,7248.736067286035,7304.458246186485
Tropics,SAT12,776,FFSS_22.0_FOR,13433.888080576698,13487.664676735285
Tropics,SAT12,1063,FFSS_22.0_FOR,15270.24389247175,15326.662750830545
Tropics,SAT12,911,FFSS_22.0_FOR,19280.814348903983,19335.638181028295
Tropics,SAT12,1217,FFSS_22.0_FOR,14414.826695555024,14470.115013715615
Tropics,SAT12,1217,FFSS_22.0_FOR,20366.796278907063,20422.231400383866
Tropics,SAT12,145,FFSS_22.0_FOR,18105.191027643752,18160.746419535724
Tropics,SAT12,843,FFSS_22.0_FOR,19250.86765924762,19305.300735577912
Tropics,SAT12,883,FFSS_22.0_FOR,4285.959011913266,4341.782547917069
Tropics,SAT12,1176,FFSS_22.0_FOR,3264.503922369458,3319.9037378654407
Tropics,SAT12,1176,FFSS_22.0_FOR,9214.468198281407,9270.438210927054
Tropics,SAT12,785,FFSS_22.0_FOR,2068.599498496694,2122.4774665718337
Tropics,SAT12,33,FFSS,208.58606811934888,264.62695506945414
Tropics,SAT12,33,FFSS,6160.231145582485,6215.874277886749
Tropics,SAT12,847,FFSS,13541.763360765875,13595.615742689353
Tropics,SAT12,24,FFSS,17309.046832158172,17364.823623583812
Tropics,SAT12,272,FFSS,18293.521806441197,18347.94473632606
Tropics,SAT12,29,FFSS,11776.527119788116,11832.228752207611
Tropics,SAT12,23,FFSS,17226.440138644706,17282.483932168445
Tropics,SAT12,27,FFSS,11608.722406446082,11664.544928180316
Tropics,SAT12,27,FFSS,17561.68504996553,17617.26210688629
Tropics,SAT12,36,FFSS,459.4242041423871,515.094110174661
Tropics,SAT12,495,FFSS,1657.5476725831077,1711.4576981792586
Tropics,SAT12,730,FFSS,21469.566634388426,21525.007788602947
Tropics,SAT12,740,FFSS,10164.499686452747,10219.800867170208
Tropics,SAT12,563,FFSS,7435.419283118197,7489.205726477478
Tropics,SAT12,82,FFSS,5731.05094029017,5786.849528903506
Tropics,SAT12,85,FFSS,7.735607623139155,63.59682832854874
Tropics,SAT12,85,FFSS,17913.095495676924,17968.35447488584
Tropics,SAT12,75,FFSS,17102.037923728018,17157.980705046673
Tropics,SAT12,800,FFSS,21363.104417137332,21418.451525683915
Tropics,SAT12,219,FFSS,1132.6066422431963,1187.4384371942883
Tropics,SAT12,1042,FFSS,19583.299327770514,19637.656682755434
Tropics,SAT12,1177,FFSS,3348.8587205904932,3404.3080810799215
Tropics,SAT12,878,FFSS,9925.732670890251,9981.023165506107
Tropics,SAT12,744,FFSS,4451.632477255607,4507.119808076315
Tropics,SAT12,340,FFSS,18449.727778886783,18503.958173147148
Tropics,SAT12,993,FFSS,2606.18958036504,2631.564853481745
Tropics,SAT12,882,FFSS,4223.573235715091,4279.072724962234
Tropics,SAT12,598,FFSS,10359.064488318958,10414.320646982527
Tropics,SAT12,781,FFSS,7781.161311019181,7835.193479293202
Tropics,SAT12,461,FFSS,4924.383839575139,4979.658691709146
Tropics,SAT12,95,FFSS,819.2824116008347,874.5418543598113
Tropics,SAT12,1052,FFSS,8400.38295877734,8455.101701179834
Tropics,SAT12,1110,FFSS,8400.382958777338,8455.101701179832
Tropics,SAT12,1179,FFSS,3514.8868231308943,3570.656390282932
Tropics,SAT12,38,FFSS,627.2000558088312,682.7157442169373
Tropics,SAT12,1122,FFSS,9324.896129447305,9380.497072635884
Tropics,SAT12,1050,FFSS,8220.036111104677,8274.418266559336
Tropics,SAT12,992,FFSS,2538.449665864847,2592.913725206103
Tropics,SAT12,481,FFSS,18675.47515166579,18729.4152114306
Tropics,SAT12,674,FFSS,4605.272189863571,4660.5909655926935
Tropics,SAT12,353,FFSS,1406.8740536490382,1461.015286122645
Tropics,SAT12,805,FFSS,15714.95643262997,15770.202665613324
Tropics,SAT12,641,FFSS,1839.7159502732998,1893.7109762273553
Tropics,SAT12,37,FFSS,543.7717605877481,599.3362386946299
Tropics,SAT12,28,FFSS,11692.201960706989,11747.936046089917
Tropics,SAT12,28,FFSS,17645.08584941246,17700.618602866612
Tropics,SAT12,31,FFSS,5991.617733842674,6047.359816875135
Tropics,SAT12,31,FFSS,11944.80974596953,12000.331036176964
Tropics,SAT12,391,FFSS,5008.261969526844,5063.8477792537315
Tropics,SAT12,74,FFSS,17025.607738513714,17081.469410424423
Tropics,SAT12,26,FFSS,17477.34578806755,17533.028540154686
Tropics,SAT12,568,FFSS,1778.3787203329243,1832.393637261987
Tropics,SAT12,873,FFSS,15564.593941776655,15620.141603072982
Tropics,SAT12,632,FFSS,13220.088701500948,13273.866718221518
Tropics,SAT12,527,FFSS,10497.142503079232,10552.4826784909
Tropics,SAT12,1172,FFSS,8880.968133007374,8936.296905992847
Tropics,SAT12,1172,FFSS,14832.925867057376,14888.554895486956
Tropics,SAT12,809,FFSS,10005.380434238139,10060.99226101989
Tropics,SAT12,1215,FFSS,20198.264287018243,20253.548339948997
Tropics,SAT12,1169,FFSS,14581.684354475023,14637.045130718212
Tropics,SAT12,1169,FFSS,20532.754198854884,20588.520357444148
Tropics,SAT12,189,FFSS,16743.635727894645,16799.243845051817
Tropics,SAT12,1116,FFSS,2867.088312463178,2921.959990800247
Tropics,SAT12,382,FFSS,16365.725967072955,16421.113261920193
Tropics,SAT12,1161,FFSS,19961.961057465676,20017.303701818713
Tropics,SAT12,193,FFSS,11061.991200781718,11117.614227327007
Tropics,SAT12,452,FFSS,16289.638994813598,16345.194685101393
Tropics,SAT12,324,FFSS,5141.598514354512,5175.883951873559
Tropics,SAT12,934,FFSS,21117.869891290953,21160.602023930136
Tropics,SAT12,943,FFSS,9781.598168571256,9837.034471852106
Tropics,SAT12,1062,FFSS,15199.856957827351,15255.324143297588
Tropics,SAT12,155,FFSS,972.4757876197397,1027.7479386285838
Tropics,SAT12,485,FFSS,12962.740241276335,13016.854031022702
Tropics,SAT12,197,FFSS,5380.377320850529,5436.061227686185
Tropics,SAT12,1175,FFSS,3180.3282889582174,3235.6239564280104
Tropics,SAT12,1175,FFSS,9132.86196815134,9188.407990155938
Tropics,SAT12,921,FFSS,8002.111761058838,8056.210201229071
Tropics,SAT12,78,FFSS,11378.216232291099,11433.98995979544
Tropics,SAT12,1070,FFSS,3873.7480442412807,3929.276982358787
Tropics,SAT12,735,FFSS,15817.169889906516,15872.374335593451
Tropics,SAT12,255,FFSS,10927.448302176344,10983.020650124992
Tropics,SAT12,130,FFSS,16896.516529504275,16952.240850407903
Tropics,SAT12,1102,FFSS,19726.341661964158,19780.940055519153
Tropics,SAT12,1069,FFSS,3822.7123144228954,3856.4342067719153
Tropics,SAT12,148,FFSS,12371.625367151342,12426.437951151347
Tropics,SAT12,947,FFSS,4138.147794122246,4142.685111974419
Tropics,SAT12,1066,FFSS,9536.8321641653,9592.316239139542
Tropics,SAT12,387,FFSS,10717.481514387371,10772.878201845391
Tropics,SAT12,1126,FFSS,3677.9137351714503,3733.439765284757
Tropics,SAT12,325,FFSS,5182.950951153274,5238.773414615994
Tropics,SAT12,1112,FFSS,8514.57674811955,8569.501420229906
Tropics,SAT12,91,FFSS,6465.943322773056,6521.415453071958
Tropics,SAT12,1113,FFSS,8590.7636465643,8645.85742009678
Tropics,SAT12,1164,FFSS,14237.77935218398,14292.708835809277
Tropics,SAT12,699,FFSS,18983.43125235379,19037.170692808104
Tropics,SAT12,84,FFSS,17837.23179344996,17892.493513577705
Tropics,SAT12,522,FFSS,16154.004261211943,16209.223971712641
Tropics,SAT12,79,FFSS,11455.342204167799,11511.486377903004
Tropics,SAT12,916,FFSS,13641.414779198358,13695.473765893139
Tropics,SAT12,414,FFSS,12893.04430823378,12947.123657481467
Tropics,SAT12,842,FFSS,19190.10979907091,19244.17688318517
Tropics,SAT12,709,FFSS,7669.559578839913,7723.534086415891
Tropics,SAT12,771,FFSS,19086.556749059662,19140.409290406493
Tropics,SAT12,490,FFSS,7310.281123746869,7364.127496472988
Tropics,SAT12,220,FFSS,1200.1318331720724,1211.9329045581649
Tropics,SAT12,814,FFSS,4357.494858746151,4412.748509640344
Tropics,SAT12,1046,FFSS,13901.652047748967,13955.9994265544
Tropics,SAT12,998,FFSS,21015.710472347473,21071.11017464174
Tropics,SAT12,1123,FFSS,9400.81503833002,9456.520367896768
Tropics,SAT12,939,FFSS,15475.900816596064,15531.243932890735
Tropics,SAT12,983,FFSS,13806.117869472871,13860.532957359326
Tropics,SAT12,1119,FFSS,15048.50017734145,15104.046238025987
Tropics,SAT12,344,FFSS,12747.97043329072,12802.141522938975
Tropics,SAT12,138,FFSS,5570.687430417865,5626.524305519405
Tropics,SAT12,423,FFSS,1535.7141549671587,1589.6703149549783
Tropics,SAT12,152,FFSS,6708.557189809193,6763.378643408362
Tropics,SAT12,1115,FFSS,20695.837815277355,20751.347282967152
Tropics,SAT12,96,FFSS,895.220659609703,950.4522239100763
Tropics,SAT12,134,FFSS,11233.58538658547,11289.353657985434
Tropics,SAT12,156,FFSS,1045.4286662830227,1100.2879290590765
Tropics,SAT12,144,FFSS,18034.63360167141,18089.465183804958
Tropics,SAT12,713,FFSS,1953.6013813895117,2007.5120408988164
Tropics,SAT12,32,FFSS,6075.726479269591,6131.438789111202
Tropics,SAT12,32,FFSS,12027.134320948337,12082.794451230926
Tropics,SAT12,1178,FFSS,3432.597764296859,3488.0961739825525
Tropics,SAT12,418,FFSS,7183.912511036051,7238.022270064567
Tropics,SAT12,1173,FFSS,8965.28823648916,9020.707167819062
Tropics,SAT12,912,FFSS,19343.237992332044,19397.298031378665
Tropics,SAT12,92,FFSS,6542.902876148825,6598.027500084415
Tropics,SAT12,30,FFSS,5908.56295195409,5964.468686072254
Tropics,SAT12,30,FFSS,11860.995606100374,11916.606428115929
Tropics,SAT12,320,FFSS,10822.0303967649,10877.445650531265
Tropics,SAT12,531,FFSS,4816.093257840527,4836.52035036202
Tropics,SAT12,35,FFSS,374.97305856531494,430.69040653569743
Tropics,SAT12,35,FFSS,6327.285083291975,6382.846814637748
Tropics,SAT12,285,FFSS,1275.558672872483,1329.991917519667
Tropics,SAT12,251,FFSS,16621.603650763023,16677.131547328794
Tropics,SAT12,948,FFSS,4151.915799899102,4207.450602256039
Tropics,SAT12,935,FFSS,21169.781011063467,21225.33468042771
Tropics,SAT12,603,FFSS,4698.158651080366,4753.351740805686
Tropics,SAT12,858,FFSS,2300.2773960833906,2354.311083989671
Tropics,SAT12,558,FFSS,13092.325610655183,13146.097264520782
Tropics,SAT12,215,FFSS,6814.484032565153,6869.183202408366
Tropics,SAT12,349,FFSS,7108.556192193949,7162.821814500285
Tropics,SAT12,869,FFSS,21266.829344088226,21322.10473150651
Tropics,SAT12,664,FFSS,15918.946783016174,15974.215188408452
Tropics,SAT12,260,FFSS,5297.983181568089,5353.724404175694
Tropics,SAT12,856,FFSS,2184.312870222187,2238.2310442385774
Tropics,SAT12,553,FFSS,18749.089364129366,18803.058869810156
Tropics,SAT12,207,FFSS,18178.008101483225,18232.568903064806
Tropics,SAT12,637,FFSS,7559.005367108493,7612.961414378463
Tropics,SAT12,926,FFSS,2417.8060608324386,2472.018641063911
Tropics,SAT12,852,FFSS,7893.408849844049,7947.507127986164
Tropics,SAT12,1168,FFSS,14497.720250626082,14552.976725778986
Tropics,SAT12,1168,FFSS,20450.509552861266,20505.99505723351
Tropics,SAT12,1216,FFSS,20282.449094914056,20337.836275346373
Tropics,SAT12,704,FFSS,13326.529879511661,13380.280611823193
Tropics,SAT12,1002,FFSS,15334.017886895688,15389.440021596112
Tropics,SAT12,409,FFSS,18541.497987210754,18595.471870217727
Tropics,SAT12,1118,FFSS,14971.56797131734,15027.328634007932
Tropics,SAT12,593,FFSS,16019.908999800935,16075.343456251589
Tropics,SAT12,1058,FFSS,20862.822858263957,20918.300505742962
Tropics,SAT12,277,FFSS,12663.710913906123,12718.201377681944
Tropics,SAT12,1006,FFSS,9652.249828683518,9707.737017826568
Tropics,SAT12,86,FFSS,84.11236613696549,140.0303303674782
Tropics,SAT12,281,FFSS,6969.846208224544,7024.156494967796
Tropics,SAT12,978,FFSS,19435.748460770792,19489.939547758324
Tropics,SAT12,456,FFSS,10576.956214017606,10632.3255427012
Tropics,SAT12,211,FFSS,12496.284829977274,12550.89295506359
Tropics,SAT12,987,FFSS,8111.897406240105,8166.063275315929
Tropics,SAT12,1171,FFSS,8797.301267642843,8852.544524692135
Tropics,SAT12,1171,FFSS,14750.086156398294,14805.54872544641
Tropics,SAT12,1010,FFSS,3970.404483905825,4025.9993255424197
Tropics,SAT12,25,FFSS,17392.88609074814,17448.616997594676
Tropics,SAT12,316,FFSS,16524.013292981228,16579.771502094136
Tropics,SAT12,276,FFSS,12641.238746199953,12653.651304238436
Tropics,SAT12,1160,FFSS,19885.02355008317,19939.883958412975
Tropics,SAT12,627,FFSS,18881.118244354024,18934.83330301159
Tropics,SAT12,1106,FFSS,14063.345686231896,14117.991454363319
Tropics,SAT12,1174,FFSS,3097.029424778994,3152.284899847401
Tropics,SAT12,1174,FFSS,9049.52478287762,9104.977948882053
Tropics,SAT12,1056,FFSS,2737.45407684299,2792.2703169233273
Tropics,SAT12,1117,FFSS,2943.9759070282607,2999.3109423168476
Tropics,SAT12,34,FFSS,291.1576858574683,346.9229417728571
Tropics,SAT12,34,FFSS,6244.360363743666,6299.89627860059
Tropics,SAT12,1214,FFSS,20114.942230558012,20170.18252344453
Tropics,SAT12,1170,FFSS,8714.894468566285,8770.283244589156
Tropics,SAT12,1170,FFSS,14666.062912593705,14721.49276389737
Tropics,SAT12,1167,FFSS,14414.82669563302,14470.115013639846
Tropics,SAT12,1167,FFSS,20366.796278907066,20422.23140038387
Tropics,SAT12,776,FFSS,13433.888076072239,13487.664676751514
Tropics,SAT12,1217,FFSS,14414.82669563302,14470.115013639843
Tropics,SAT12,1217,FFSS,20366.796278907066,20422.23140038387
Tropics,SAT12,1176,FFSS,3264.5039590550855,3319.9040398419293
Tropics,SAT12,785,FFSS,2068.599496390403,2122.4774665472305
Tropics,SAT8,526,FFSS_22.0_FOR,9329.500415317501,9383.313271719851
Tropics,SAT8,1200,FFSS_22.0_FOR,5163.776762625659,5219.430492762843
Tropics,SAT8,1200,FFSS_22.0_FOR,11113.445865130896,11169.860406349542
Tropics,SAT8,419,FFSS_22.0_FOR,12548.87128685679,12605.09519744974
Tropics,SAT8,847,FFSS_22.0_FOR,6250.025714316657,6305.373628660434
Tropics,SAT8,525,FFSS_22.0_FOR,9269.58701523524,9324.260148283338
Tropics,SAT8,1191,FFSS_22.0_FOR,16313.66246529669,16369.240307564822
Tropics,SAT8,969,FFSS_22.0_FOR,17296.140161439114,17352.756757997256
Tropics,SAT8,1141,FFSS_22.0_FOR,4661.3789116048765,4717.688477858141
Tropics,SAT8,1141,FFSS_22.0_FOR,10616.763324946105,10673.662382067658
Tropics,SAT8,1196,FFSS_22.0_FOR,4833.439998734772,4890.3171642908765
Tropics,SAT8,1196,FFSS_22.0_FOR,10780.15602688566,10835.747845361617
Tropics,SAT8,1196,FFSS_22.0_FOR,16732.01184867942,16788.00185317021
Tropics,SAT8,821,FFSS_22.0_FOR,4136.74920792383,4191.661810497616
Tropics,SAT8,1190,FFSS_22.0_FOR,16232.040331050974,16288.103844244473
Tropics,SAT8,1136,FFSS_22.0_FOR,16183.36289787654,16238.909049162978
Tropics,SAT8,383,FFSS_22.0_FOR,9135.786025704714,9190.466425906736
Tropics,SAT8,811,FFSS_22.0_FOR,15433.200911712715,15487.154230917413
Tropics,SAT8,820,FFSS_22.0_FOR,4075.728520152459,4129.743676041359
Tropics,SAT8,1194,FFSS_22.0_FOR,10613.655523637652,10669.334537142311
Tropics,SAT8,1194,FFSS_22.0_FOR,16565.321062562773,16621.004330821004
Tropics,SAT8,1203,FFSS_22.0_FOR,5413.955147541588,5470.12171064469
Tropics,SAT8,14,FFSS_22.0_FOR,2686.5778134857946,2743.5291630660163
Tropics,SAT8,454,FFSS_22.0_FOR,9232.90373988027,9287.032229158696
Tropics,SAT8,495,FFSS_22.0_FOR,6848.439133389811,6904.221977249333
Tropics,SAT8,782,FFSS_22.0_FOR,662.5920684936568,718.3334393100622
Tropics,SAT8,443,FFSS_22.0_FOR,20476.329612704976,20532.253914816865
Tropics,SAT8,594,FFSS_22.0_FOR,15086.162577337518,15139.946397612339
Tropics,SAT8,749,FFSS_22.0_FOR,3991.381975688971,4045.337437154169
Tropics,SAT8,453,FFSS_22.0_FOR,9172.671097090508,9226.886183052136
Tropics,SAT8,740,FFSS_22.0_FOR,15356.63058650876,15411.082118392209
Tropics,SAT8,774,FFSS_22.0_FOR,12087.892337357223,12144.227074682973
Tropics,SAT8,282,FFSS_22.0_FOR,18508.53196104336,18563.89916453633
Tropics,SAT8,979,FFSS_22.0_FOR,6038.863105789001,6094.534835656326
Tropics,SAT8,239,FFSS_22.0_FOR,20243.418792168224,20298.219438193482
Tropics,SAT8,459,FFSS_22.0_FOR,3579.8186345133486,3634.602716247024
Tropics,SAT8,707,FFSS_22.0_FOR,6440.638446395017,6496.532783776313
Tropics,SAT8,1142,FFSS_22.0_FOR,4735.709043534559,4790.899497571829
Tropics,SAT8,1142,FFSS_22.0_FOR,10698.384805033926,10756.328468130034
Tropics,SAT8,1142,FFSS_22.0_FOR,16677.093074169043,16735.04791008623
Tropics,SAT8,1145,FFSS_22.0_FOR,4971.1238275182895,5028.387345906859
Tropics,SAT8,1145,FFSS_22.0_FOR,16917.552986035702,16973.30970318971
Tropics,SAT8,919,FFSS_22.0_FOR,474.4424122986847,529.8914939912843
Tropics,SAT8,1135,FFSS_22.0_FOR,16106.20273965945,16161.313983400363
Tropics,SAT8,372,FFSS_22.0_FOR,20370.35728814637,20425.84124125579
Tropics,SAT8,219,FFSS_22.0_FOR,18659.874512540075,18715.426846696595
Tropics,SAT8,1043,FFSS_22.0_FOR,134.5506083141623,191.45941841470818
Tropics,SAT8,175,FFSS_22.0_FOR,20093.064687552338,20147.56130003577
Tropics,SAT8,218,FFSS_22.0_FOR,18592.15192812728,18648.094509263938
Tropics,SAT8,10,FFSS_22.0_FOR,2358.973980129609,2414.3549926020128
Tropics,SAT8,10,FFSS_22.0_FOR,8306.98286389103,8363.013688251387
Tropics,SAT8,449,FFSS_22.0_FOR,14885.743013878757,14939.553580230238
Tropics,SAT8,110,FFSS_22.0_FOR,1675.4130699447771,1732.4228915789283
Tropics,SAT8,313,FFSS_22.0_FOR,8934.216869061853,8988.808695413041
Tropics,SAT8,878,FFSS_22.0_FOR,21295.269064265154,21351.32970836411
Tropics,SAT8,162,FFSS_22.0_FOR,13145.238238656239,13200.934802060981
Tropics,SAT8,457,FFSS_22.0_FOR,3458.949004860918,3514.35086691086
Tropics,SAT8,744,FFSS_22.0_FOR,9643.99148341334,9697.830562254825
Tropics,SAT8,570,FFSS_22.0_FOR,1019.4254670204474,1074.662819145953
Tropics,SAT8,905,FFSS_22.0_FOR,17454.219984848423,17509.89537241029
Tropics,SAT8,169,FFSS_22.0_FOR,1614.7524702233836,1670.1853242950258
Tropics,SAT8,224,FFSS_22.0_FOR,13047.296709554475,13104.135215863515
Tropics,SAT8,317,FFSS_22.0_FOR,3230.8223398064606,3286.561415985383
Tropics,SAT8,882,FFSS_22.0_FOR,15592.987333131383,15647.819764685719
Tropics,SAT8,598,FFSS_22.0_FOR,9365.859197733396,9421.207221477838
Tropics,SAT8,494,FFSS_22.0_FOR,6788.1161268920205,6843.585052216263
Tropics,SAT8,170,FFSS_22.0_FOR,1683.399586215075,1739.6539416914118
Tropics,SAT8,748,FFSS_22.0_FOR,3931.0637516388642,3985.7446778305275
Tropics,SAT8,107,FFSS_22.0_FOR,7409.595413635052,7465.213429682808
Tropics,SAT8,590,FFSS_22.0_FOR,20805.351694967983,20859.66011785648
Tropics,SAT8,628,FFSS_22.0_FOR,17945.68559181023,18000.95576593923
Tropics,SAT8,12,FFSS_22.0_FOR,2526.4199175181157,2581.732377357067
Tropics,SAT8,165,FFSS_22.0_FOR,7409.59541363505,7465.213429682806
Tropics,SAT8,556,FFSS_22.0_FOR,18049.194571812655,18104.40644521245
Tropics,SAT8,521,FFSS_22.0_FOR,14986.376390029558,15040.103917998553
Tropics,SAT8,62,FFSS_22.0_FOR,8333.985858519605,8389.36054610659
Tropics,SAT8,517,FFSS_22.0_FOR,20701.99643885681,20756.55909328402
Tropics,SAT8,661,FFSS_22.0_FOR,20817.387129028564,20872.911919084952
Tropics,SAT8,486,FFSS_22.0_FOR,18213.692480052952,18270.339255887102
Tropics,SAT8,773,FFSS_22.0_FOR,12028.29366603113,12083.626128162854
Tropics,SAT8,226,FFSS_22.0_FOR,7229.110777266179,7285.591732943824
Tropics,SAT8,168,FFSS_22.0_FOR,1547.6240461912473,1604.4540185455742
Tropics,SAT8,164,FFSS_22.0_FOR,7338.648878652347,7396.002893647341
Tropics,SAT8,768,FFSS_22.0_FOR,17680.49158806226,17736.17930856046
Tropics,SAT8,227,FFSS_22.0_FOR,7296.426710813564,7351.856118391611
Tropics,SAT8,444,FFSS_22.0_FOR,20538.321774208984,20592.146572654307
Tropics,SAT8,530,FFSS_22.0_FOR,3613.1368322288513,3667.285325435816
Tropics,SAT8,353,FFSS_22.0_FOR,12775.193868361845,12831.766227888042
Tropics,SAT8,918,FFSS_22.0_FOR,410.2125079775702,466.6528093155071
Tropics,SAT8,886,FFSS_22.0_FOR,9890.911557724792,9945.110543482466
Tropics,SAT8,310,FFSS_22.0_FOR,14698.534843960446,14753.511607109062
Tropics,SAT8,561,FFSS_22.0_FOR,12392.394472088736,12447.773159331231
Tropics,SAT8,377,FFSS_22.0_FOR,14723.15066653969,14777.662351645686
Tropics,SAT8,641,FFSS_22.0_FOR,896.0030413397143,901.9317926323479
Tropics,SAT8,891,FFSS_22.0_FOR,4251.925381939435,4306.859050951245
Tropics,SAT8,109,FFSS_22.0_FOR,7557.49374922695,7614.848534105705
Tropics,SAT8,13,FFSS_22.0_FOR,2607.805852414747,2663.530164829399
Tropics,SAT8,163,FFSS_22.0_FOR,13220.001814365383,13277.111421323185
Tropics,SAT8,1204,FFSS_22.0_FOR,5493.750345623284,5550.9406349568735
Tropics,SAT8,971,FFSS_22.0_FOR,17425.676644786374,17482.625560632194
Tropics,SAT8,1195,FFSS_22.0_FOR,10696.315984918107,10751.841164776048
Tropics,SAT8,1195,FFSS_22.0_FOR,16649.30213452392,16705.04724581381
Tropics,SAT8,1081,FFSS_22.0_FOR,10385.905321072005,10442.623531516594
Tropics,SAT8,595,FFSS_22.0_FOR,15144.225195817013,15198.959218602937
Tropics,SAT8,1198,FFSS_22.0_FOR,4995.985802754165,5051.528508371386
Tropics,SAT8,1198,FFSS_22.0_FOR,10948.785248305168,11004.50632129495
Tropics,SAT8,247,FFSS_22.0_FOR,8855.913501491033,8910.07757348134
Tropics,SAT8,944,FFSS_22.0_FOR,21321.543356215778,21375.95188894455
Tropics,SAT8,252,FFSS_22.0_FOR,3225.586604446516,3280.328335545826
Tropics,SAT8,949,FFSS_22.0_FOR,15692.039419778199,15746.516518777587
Tropics,SAT8,1041,FFSS_22.0_FOR,5952.724668836749,6009.50099118659
Tropics,SAT8,108,FFSS_22.0_FOR,7482.444759041982,7538.245489718622
Tropics,SAT8,319,FFSS_22.0_FOR,3357.3218323413134,3412.412253369739
Tropics,SAT8,1134,FFSS_22.0_FOR,16031.15382071794,16086.887000288536
Tropics,SAT8,1193,FFSS_22.0_FOR,10532.628964274982,10589.038538461447
Tropics,SAT8,1193,FFSS_22.0_FOR,16480.89100670219,16536.509602153954
Tropics,SAT8,712,FFSS_22.0_FOR,784.1888651329513,839.6595606456569
Tropics,SAT8,910,FFSS_22.0_FOR,11815.497903408243,11870.928398740694
Tropics,SAT8,308,FFSS_22.0_FOR,14571.71969960669,14627.606109088669
Tropics,SAT8,839,FFSS_22.0_FOR,17666.85035582056,17724.24509068213
Tropics,SAT8,378,FFSS_22.0_FOR,14784.623437364495,14838.665632390372
Tropics,SAT8,806,FFSS_22.0_FOR,21081.435067126982,21135.586909988757
Tropics,SAT8,1143,FFSS_22.0_FOR,4812.129016303499,4867.445573380737
Tropics,SAT8,1143,FFSS_22.0_FOR,16759.365286257816,16816.365816943333
Tropics,SAT8,557,FFSS_22.0_FOR,18108.189153674608,18165.2492350825
Tropics,SAT8,632,FFSS_22.0_FOR,12225.818068595858,12281.61947428744
Tropics,SAT8,1150,FFSS_22.0_FOR,5386.777014354727,5444.132605880655
Tropics,SAT8,1150,FFSS_22.0_FOR,11343.790556712576,11400.73004104533
Tropics,SAT8,671,FFSS_22.0_FOR,9504.291000914702,9558.505386794506
Tropics,SAT8,633,FFSS_22.0_FOR,12284.723830922425,12340.171051483741
Tropics,SAT8,5,FFSS_22.0_FOR,7891.143855234555,7946.628029181762
Tropics,SAT8,5,FFSS_22.0_FOR,13844.081411965506,13899.371509781706
Tropics,SAT8,516,FFSS_22.0_FOR,20643.113768935775,20696.967082031493
Tropics,SAT8,314,FFSS_22.0_FOR,8997.510576325125,9051.675662633237
Tropics,SAT8,381,FFSS_22.0_FOR,9029.600361161607,9068.298034626476
Tropics,SAT8,1023,FFSS_22.0_FOR,4521.952674355152,4577.5480752447265
Tropics,SAT8,67,FFSS_22.0_FOR,2764.3594657967737,2819.288750640694
Tropics,SAT8,48,FFSS_22.0_FOR,19208.516548249725,19264.043986061653
Tropics,SAT8,2,FFSS_22.0_FOR,13591.739481669103,13647.206311170166
Tropics,SAT8,2,FFSS_22.0_FOR,19544.264269010386,19599.594426832056
Tropics,SAT8,642,FFSS_22.0_FOR,904.3372889610591,959.6276661271711
Tropics,SAT8,1013,FFSS_22.0_FOR,15749.338035330818,15804.438320853336
Tropics,SAT8,425,FFSS_22.0_FOR,6962.013675774397,7017.786236496574
Tropics,SAT8,180,FFSS_22.0_FOR,14476.66290112377,14532.708839717516
Tropics,SAT8,56,FFSS_22.0_FOR,1877.2366073355433,1933.1356625109113
Tropics,SAT8,56,FFSS_22.0_FOR,7837.934101329346,7895.586556421027
Tropics,SAT8,56,FFSS_22.0_FOR,13816.392576925597,13874.154946159637
Tropics,SAT8,56,FFSS_22.0_FOR,19782.21844771255,19837.167469734653
Tropics,SAT8,101,FFSS_22.0_FOR,18970.959673892372,19026.52544564639
Tropics,SAT8,382,FFSS_22.0_FOR,9075.458536635118,9129.433447729301
Tropics,SAT8,810,FFSS_22.0_FOR,15372.09710954068,15427.513778355371
Tropics,SAT8,1037,FFSS_22.0_FOR,11633.834479407082,11690.979386555255
Tropics,SAT8,1017,FFSS_22.0_FOR,10067.828502796763,10123.193317358337
Tropics,SAT8,708,FFSS_22.0_FOR,6500.489829609555,6555.928007883725
Tropics,SAT8,739,FFSS_22.0_FOR,15296.5352782875,15350.589122849664
Tropics,SAT8,237,FFSS_22.0_FOR,20111.90190818847,20168.093925638204
Tropics,SAT8,1022,FFSS_22.0_FOR,4453.36716394708,4507.912514182962
Tropics,SAT8,445,FFSS_22.0_FOR,20597.669679873004,20652.535924906348
Tropics,SAT8,779,FFSS_22.0_FOR,6434.6546553548,6492.010710906511
Tropics,SAT8,1076,FFSS_22.0_FOR,15974.007118484014,16029.01412005813
Tropics,SAT8,1091,FFSS_22.0_FOR,17180.23352203626,17237.667425344163
Tropics,SAT8,246,FFSS_22.0_FOR,8789.498080059735,8844.84869610582
Tropics,SAT8,126,FFSS_22.0_FOR,2955.6212788370026,3010.560821872602
Tropics,SAT8,1071,FFSS_22.0_FOR,21564.846782093624,21600.0
Tropics,SAT8,117,FFSS_22.0_FOR,14209.236414756959,14264.192697159126
Tropics,SAT8,1157,FFSS_22.0_FOR,0.0,30.86189083108301
Tropics,SAT8,676,FFSS_22.0_FOR,3847.597603877794,3901.4788920300352
Tropics,SAT8,1100,FFSS_22.0_FOR,0.0,30.93313048941403
Tropics,SAT8,60,FFSS_22.0_FOR,2192.664091192977,2250.5820156104182
Tropics,SAT8,60,FFSS_22.0_FOR,8171.424109301711,8228.874865757516
Tropics,SAT8,60,FFSS_22.0_FOR,14134.468207947482,14189.58766411025
Tropics,SAT8,485,FFSS_22.0_FOR,18153.52389191501,18208.745628022072
Tropics,SAT8,772,FFSS_22.0_FOR,11966.035508246629,12023.515679966944
Tropics,SAT8,1021,FFSS_22.0_FOR,4386.342432430272,4442.023946040901
Tropics,SAT8,8,FFSS_22.0_FOR,2190.6621622066327,2246.177712271267
Tropics,SAT8,8,FFSS_22.0_FOR,8143.716280774047,8198.998714532381
Tropics,SAT8,356,FFSS_22.0_FOR,7009.926428669787,7065.604100678785
Tropics,SAT8,604,FFSS_22.0_FOR,3764.2924934857724,3818.063725463626
Tropics,SAT8,638,FFSS_22.0_FOR,6623.712533343672,6679.450675591638
Tropics,SAT8,1138,FFSS_22.0_FOR,10383.322038160883,10438.708891729031
Tropics,SAT8,1138,FFSS_22.0_FOR,16343.67886295105,16401.300905684486
Tropics,SAT8,571,FFSS_22.0_FOR,1078.619823700239,1134.9623510179424
Tropics,SAT8,677,FFSS_22.0_FOR,3906.6969294940354,3961.2946466360454
Tropics,SAT8,309,FFSS_22.0_FOR,14636.815097582139,14690.85814490282
Tropics,SAT8,1018,FFSS_22.0_FOR,10135.04660961301,10189.615040031236
Tropics,SAT8,1137,FFSS_22.0_FOR,10354.177032328203,10366.674048673449
Tropics,SAT8,1137,FFSS_22.0_FOR,16262.590566008721,16319.12222723005
Tropics,SAT8,589,FFSS_22.0_FOR,20747.00835841834,20800.96937769726
Tropics,SAT8,629,FFSS_22.0_FOR,18003.422149694645,18038.990768122094
Tropics,SAT8,294,FFSS_22.0_FOR,1370.8495508103929,1426.1450256170522
Tropics,SAT8,599,FFSS_22.0_FOR,9425.256097582771,9478.976666511704
Tropics,SAT8,305,FFSS_22.0_FOR,20338.64619171608,20392.77120919057
Tropics,SAT8,769,FFSS_22.0_FOR,17740.89955183392,17796.556982589973
Tropics,SAT8,1078,FFSS_22.0_FOR,10188.005210857385,10224.673837446002
Tropics,SAT8,348,FFSS_22.0_FOR,18413.9558347252,18469.53137232521
Tropics,SAT8,125,FFSS_22.0_FOR,2883.7355604866834,2938.4755098745413
Tropics,SAT8,1092,FFSS_22.0_FOR,11298.628775825293,11356.024200206786
Tropics,SAT8,448,FFSS_22.0_FOR,14824.654495693461,14879.564787811116
Tropics,SAT8,735,FFSS_22.0_FOR,21009.289169395346,21063.267125088896
Tropics,SAT8,1084,FFSS_22.0_FOR,4648.351125979461,4703.6109304324455
Tropics,SAT8,952,FFSS_22.0_FOR,9933.544140003773,9989.113529540287
Tropics,SAT8,1015,FFSS_22.0_FOR,15885.869591789993,15942.091963957688
Tropics,SAT8,1075,FFSS_22.0_FOR,15901.716885550453,15956.754704169425
Tropics,SAT8,1033,FFSS_22.0_FOR,17314.868755380085,17372.43792417918
Tropics,SAT8,1009,FFSS_22.0_FOR,21430.872240062825,21485.759157167075
Tropics,SAT8,157,FFSS_22.0_FOR,18735.72196320797,18791.580512159213
Tropics,SAT8,1102,FFSS_22.0_FOR,121.28059829844646,177.4419942222099
Tropics,SAT8,115,FFSS_22.0_FOR,20014.668367165315,20070.762171649585
Tropics,SAT8,124,FFSS_22.0_FOR,2808.18397984421,2864.2518121386684
Tropics,SAT8,184,FFSS_22.0_FOR,8795.599747419288,8851.252895813052
Tropics,SAT8,1093,FFSS_22.0_FOR,11374.973415085984,11430.901924208083
Tropics,SAT8,250,FFSS_22.0_FOR,3093.8621002889645,3150.1342011305865
Tropics,SAT8,1019,FFSS_22.0_FOR,10203.890435858702,10259.782530326838
Tropics,SAT8,121,FFSS_22.0_FOR,8546.514328355248,8601.351133112448
Tropics,SAT8,387,FFSS_22.0_FOR,3427.3025135079065,3481.18881818895
Tropics,SAT8,815,FFSS_22.0_FOR,9723.943397838,9778.420488998067
Tropics,SAT8,812,FFSS_22.0_FOR,15494.262187198245,15549.756634779022
Tropics,SAT8,1096,FFSS_22.0_FOR,5636.339302258117,5693.496930205982
Tropics,SAT8,643,FFSS_22.0_FOR,962.6547318087466,1018.7982418488672
Tropics,SAT8,66,FFSS_22.0_FOR,2687.573675730753,2742.7076939277867
Tropics,SAT8,890,FFSS_22.0_FOR,4188.980476392331,4243.172952291699
Tropics,SAT8,52,FFSS_22.0_FOR,7525.013766661734,7581.311799980007
Tropics,SAT8,52,FFSS_22.0_FOR,13483.359892738998,13540.718542475579
Tropics,SAT8,105,FFSS_22.0_FOR,13324.097974418426,13379.766369084115
Tropics,SAT8,1151,FFSS_22.0_FOR,5467.896401491619,5524.299557268643
Tropics,SAT8,53,FFSS_22.0_FOR,7600.188328641754,7655.731831663108
Tropics,SAT8,53,FFSS_22.0_FOR,19544.36054940037,19601.458433788983
Tropics,SAT8,104,FFSS_22.0_FOR,13247.51203986659,13303.1637719568
Tropics,SAT8,104,FFSS_22.0_FOR,19210.68127756693,19268.634425527947
Tropics,SAT8,458,FFSS_22.0_FOR,3520.3953813941657,3574.2376395881033
Tropics,SAT8,745,FFSS_22.0_FOR,9703.947998784739,9759.194334723099
Tropics,SAT8,662,FFSS_22.0_FOR,20877.416858829896,20931.174002394262
Tropics,SAT8,703,FFSS_22.0_FOR,12157.354793402677,12212.602433328704
Tropics,SAT8,555,FFSS_22.0_FOR,17989.11881503317,18045.710917652097
Tropics,SAT8,699,FFSS_22.0_FOR,17872.931773745164,17929.326828788573
Tropics,SAT8,1144,FFSS_22.0_FOR,4890.650528978143,4946.814224802111
Tropics,SAT8,1144,FFSS_22.0_FOR,16839.738460010532,16895.859637216483
Tropics,SAT8,522,FFSS_22.0_FOR,15044.765242007084,15100.033694822672
Tropics,SAT8,666,FFSS_22.0_FOR,15160.890685813241,15215.652476778045
Tropics,SAT8,295,FFSS_22.0_FOR,1434.1924870416917,1490.8816656506094
Tropics,SAT8,1139,FFSS_22.0_FOR,10459.053346381312,10514.220059359513
Tropics,SAT8,351,FFSS_22.0_FOR,12649.057464892505,12705.93536901586
Tropics,SAT8,414,FFSS_22.0_FOR,18205.61894480761,18254.304804749732
Tropics,SAT8,842,FFSS_22.0_FOR,11897.850175410604,11953.504035418406
Tropics,SAT8,112,FFSS_22.0_FOR,1819.6851318230267,1875.611299039813
Tropics,SAT8,112,FFSS_22.0_FOR,19795.055122825957,19851.913348406168
Tropics,SAT8,565,FFSS_22.0_FOR,6676.082364861194,6731.557218872218
Tropics,SAT8,484,FFSS_22.0_FOR,18092.726600117472,18149.70593055388
Tropics,SAT8,1045,FFSS_22.0_FOR,271.5391408160211,328.00034077020064
Tropics,SAT8,1140,FFSS_22.0_FOR,10536.899060975691,10592.73326189666
Tropics,SAT8,223,FFSS_22.0_FOR,12978.133852934248,13033.603521776782
Tropics,SAT8,490,FFSS_22.0_FOR,12501.00429319769,12556.34346102704
Tropics,SAT8,777,FFSS_22.0_FOR,6314.468296210797,6370.91991053433
Tropics,SAT8,672,FFSS_22.0_FOR,9563.662719705071,9617.770587287097
Tropics,SAT8,950,FFSS_22.0_FOR,15757.802350718044,15814.331677723329
Tropics,SAT8,114,FFSS_22.0_FOR,19945.19195785102,19999.853501312737
Tropics,SAT8,220,FFSS_22.0_FOR,18729.307714140654,18786.488270442158
Tropics,SAT8,1044,FFSS_22.0_FOR,204.91422137489928,260.543038937996
Tropics,SAT8,386,FFSS_22.0_FOR,3365.1568457100266,3420.1628212228425
Tropics,SAT8,158,FFSS_22.0_FOR,18808.065861698356,18863.68038794734
Tropics,SAT8,1080,FFSS_22.0_FOR,10311.162003223912,10366.284248689733
Tropics,SAT8,222,FFSS_22.0_FOR,12910.61933579478,12966.80517719176
Tropics,SAT8,876,FFSS_22.0_FOR,21169.325840194906,21224.36667458158
Tropics,SAT8,499,FFSS_22.0_FOR,1135.6692586746217,1190.8913727289148
Tropics,SAT8,174,FFSS_22.0_FOR,20024.738689250946,20079.579961508327
Tropics,SAT8,63,FFSS_22.0_FOR,8411.734571436104,8466.629547541086
Tropics,SAT8,242,FFSS_22.0_FOR,14484.698662504785,14539.381431659998
Tropics,SAT8,667,FFSS_22.0_FOR,15220.572517195622,15274.399862111282
Tropics,SAT8,286,FFSS_22.0_FOR,12814.341317787486,12869.844443060272
Tropics,SAT8,983,FFSS_22.0_FOR,344.83801535056654,400.3502381608376
Tropics,SAT8,1154,FFSS_22.0_FOR,5694.942306034424,5752.593747474586
Tropics,SAT8,59,FFSS_22.0_FOR,2110.979566174732,2167.990003651939
Tropics,SAT8,59,FFSS_22.0_FOR,14058.777244911566,14113.74567769006
Tropics,SAT8,909,FFSS_22.0_FOR,11751.108380863925,11807.656282215257
Tropics,SAT8,975,FFSS_22.0_FOR,11732.473585297303,11788.619148704534
Tropics,SAT8,243,FFSS_22.0_FOR,14549.872724631166,14604.198247810062
Tropics,SAT8,838,FFSS_22.0_FOR,17607.477551355092,17662.850642813242
Tropics,SAT8,1085,FFSS_22.0_FOR,4723.384689667237,4780.378617804585
Tropics,SAT8,1083,FFSS_22.0_FOR,4575.54467963317,4630.415435471018
Tropics,SAT8,102,FFSS_22.0_FOR,19048.960084532708,19105.07533104965
Tropics,SAT8,663,FFSS_22.0_FOR,20936.300675809463,20991.51525511087
Tropics,SAT8,120,FFSS_22.0_FOR,8470.525617538611,8526.842932714737
Tropics,SAT8,807,FFSS_22.0_FOR,21142.442733450032,21196.99046716132
Tropics,SAT8,1082,FFSS_22.0_FOR,4504.674428597831,4561.044470701516
Tropics,SAT8,851,FFSS_22.0_FOR,539.9859292933409,596.0134577579128
Tropics,SAT8,1097,FFSS_22.0_FOR,5712.252661925384,5768.0902894180035
Tropics,SAT8,55,FFSS_22.0_FOR,7756.774760147813,7813.471759041465
Tropics,SAT8,55,FFSS_22.0_FOR,19705.50528641913,19760.637118205057
Tropics,SAT8,1079,FFSS_22.0_FOR,10238.615970120249,10293.554966110554
Tropics,SAT8,61,FFSS_22.0_FOR,8253.6632609882,8310.036265943028
Tropics,SAT8,61,FFSS_22.0_FOR,14206.715017426855,14263.369708070446
Tropics,SAT8,1077,FFSS_22.0_FOR,16048.463382866099,16104.919460895819
Tropics,SAT8,1101,FFSS_22.0_FOR,49.475653528114336,105.24535848433135
Tropics,SAT8,1089,FFSS_22.0_FOR,17037.638213889786,17093.679531845646
Tropics,SAT8,116,FFSS_22.0_FOR,14132.81570361634,14189.39688654675
Tropics,SAT8,569,FFSS_22.0_FOR,959.0159932030164,1016.3953330593991
Tropics,SAT8,713,FFSS_22.0_FOR,843.498593525363,899.340585902191
Tropics,SAT8,166,FFSS_22.0_FOR,7365.3276930020775,7421.857000144038
Tropics,SAT8,915,FFSS_22.0_FOR,6175.869922776642,6231.839271656585
Tropics,SAT8,1199,FFSS_22.0_FOR,5079.48651018395,5135.052151625762
Tropics,SAT8,1199,FFSS_22.0_FOR,11032.022460004015,11087.894962115553
Tropics,SAT8,11,FFSS_22.0_FOR,2443.201704712776,2498.4964485388195
Tropics,SAT8,360,FFSS_22.0_FOR,1252.663756359186,1307.910313190538
Tropics,SAT8,698,FFSS_22.0_FOR,17814.084794694678,17869.354219185
Tropics,SAT8,429,FFSS_22.0_FOR,1252.6637563591844,1307.9103131905365
Tropics,SAT8,846,FFSS_22.0_FOR,6187.056084033335,6244.077812139381
Tropics,SAT8,6,FFSS_22.0_FOR,2026.8204191420189,2083.5032243374853
Tropics,SAT8,6,FFSS_22.0_FOR,7975.290783473986,8030.721043654734
Tropics,SAT8,6,FFSS_22.0_FOR,13926.140435905158,13981.676624396025
Tropics,SAT8,347,FFSS_22.0_FOR,18350.971368781324,18406.727848663093
Tropics,SAT8,778,FFSS_22.0_FOR,6375.818734242984,6431.123626300747
Tropics,SAT8,1152,FFSS_22.0_FOR,5546.676945349772,5602.480449030725
Tropics,SAT8,65,FFSS_22.0_FOR,2608.021282022345,2664.0367576366452
Tropics,SAT8,357,FFSS_22.0_FOR,7072.932620119773,7128.561346974874
Tropics,SAT8,1197,FFSS_22.0_FOR,4913.839019525429,4969.685545415987
Tropics,SAT8,1197,FFSS_22.0_FOR,10864.559205353564,10920.23015916915
Tropics,SAT8,1197,FFSS_22.0_FOR,16812.633478454813,16869.38979623788
Tropics,SAT8,885,FFSS_22.0_FOR,9828.22840547929,9883.168003081279
Tropics,SAT8,421,FFSS_22.0_FOR,12671.473015821774,12728.847021541536
Tropics,SAT8,1098,FFSS_22.0_FOR,5784.528523711014,5840.534206817804
Tropics,SAT8,119,FFSS_22.0_FOR,14351.04968737466,14407.476949772052
Tropics,SAT8,531,FFSS_22.0_FOR,3672.494025214765,3726.604745131034
Tropics,SAT8,287,FFSS_22.0_FOR,12879.426422448862,12935.339808903102
Tropics,SAT8,984,FFSS_22.0_FOR,407.9250530488662,464.7981035642525
Tropics,SAT8,1202,FFSS_22.0_FOR,5331.821432261698,5387.620739178197
Tropics,SAT8,982,FFSS_22.0_FOR,278.1776765781408,334.86867735746307
Tropics,SAT8,251,FFSS_22.0_FOR,3161.533762173949,3215.835591875941
Tropics,SAT8,948,FFSS_22.0_FOR,15627.503218240376,15682.328974640779
Tropics,SAT8,283,FFSS_22.0_FOR,18574.036515605534,18630.63817819414
Tropics,SAT8,238,FFSS_22.0_FOR,20179.468152096317,20233.75350589947
Tropics,SAT8,603,FFSS_22.0_FOR,3705.2380268956417,3760.0344002993
Tropics,SAT8,293,FFSS_22.0_FOR,1308.0117951303,1364.7430574663413
Tropics,SAT8,103,FFSS_22.0_FOR,13173.001411221552,13229.867781375662
Tropics,SAT8,103,FFSS_22.0_FOR,19128.956113839857,19186.005610560715
Tropics,SAT8,68,FFSS_22.0_FOR,2837.85723397786,2893.775388069321
Tropics,SAT8,54,FFSS_22.0_FOR,7677.456841493682,7733.302542412009
Tropics,SAT8,54,FFSS_22.0_FOR,19626.011270457962,19682.014031223203
Tropics,SAT8,702,FFSS_22.0_FOR,12096.928735959515,12153.455567490168
Tropics,SAT8,430,FFSS_22.0_FOR,1195.8481100215104,1252.3965655091251
Tropics,SAT8,1039,FFSS_22.0_FOR,5816.80204830593,5873.413803442849
Tropics,SAT8,914,FFSS_22.0_FOR,6113.246374320688,6168.8726336526815
Tropics,SAT8,500,FFSS_22.0_FOR,1195.8481100215085,1252.3965655091226
Tropics,SAT8,304,FFSS_22.0_FOR,20275.19404502002,20329.876092836508
Tropics,SAT8,179,FFSS_22.0_FOR,14411.545814115067,14465.95650087037
Tropics,SAT8,361,FFSS_22.0_FOR,1313.932073268387,1370.6014883762239
Tropics,SAT8,520,FFSS_22.0_FOR,14925.873894196713,14981.280022928571
Tropics,SAT8,428,FFSS_22.0_FOR,1191.330484146613,1248.172708620916
Tropics,SAT8,957,FFSS_22.0_FOR,4303.647650082679,4358.089582869862
Tropics,SAT8,187,FFSS_22.0_FOR,3048.279367426571,3102.6554262836034
Tropics,SAT8,1011,FFSS_22.0_FOR,21567.891201209404,21600.0
Tropics,SAT8,51,FFSS_22.0_FOR,13402.765228719885,13459.15903445674
Tropics,SAT8,1149,FFSS_22.0_FOR,5304.0090632877545,5362.257681260736
Tropics,SAT8,1149,FFSS_22.0_FOR,11270.210789928713,11326.04701130489
Tropics,SAT8,887,FFSS_22.0_FOR,9954.23081417797,10010.449357096637
Tropics,SAT8,1148,FFSS_22.0_FOR,11193.353277483659,11249.280274756502
Tropics,SAT8,697,FFSS_22.0_FOR,17753.051060487684,17810.418331104585
Tropics,SAT8,1031,FFSS_22.0_FOR,17181.078701290346,17237.202201618416
Tropics,SAT8,106,FFSS_22.0_FOR,13402.765228719882,13459.159034456734
Tropics,SAT8,122,FFSS_22.0_FOR,8618.871733809126,8673.6877472851
Tropics,SAT8,1040,FFSS_22.0_FOR,5886.633321919111,5942.238586514741
Tropics,SAT8,1147,FFSS_22.0_FOR,11113.743022093302,11170.434222404494
Tropics,SAT8,292,FFSS_22.0_FOR,7250.920015320969,7308.3614102546435
Tropics,SAT8,954,FFSS_22.0_FOR,10063.066451733479,10118.648642778453
Tropics,SAT8,637,FFSS_22.0_FOR,6565.109986611448,6620.598807059924
Tropics,SAT8,229,FFSS_22.0_FOR,1426.2438935965308,1482.9724958872232
Tropics,SAT8,424,FFSS_22.0_FOR,6900.790048353226,6956.289472070456
Tropics,SAT8,852,FFSS_22.0_FOR,601.747836531786,657.2448285980247
Tropics,SAT8,1,FFSS_22.0_FOR,13508.160950979396,13563.74219425832
Tropics,SAT8,1,FFSS_22.0_FOR,19461.075153700167,19516.382645673482
Tropics,SAT8,49,FFSS_22.0_FOR,13345.367843821401,13402.533784112433
Tropics,SAT8,49,FFSS_22.0_FOR,19292.424394637812,19347.87957056653
Tropics,SAT8,560,FFSS_22.0_FOR,12332.650073277642,12388.575896044249
Tropics,SAT8,704,FFSS_22.0_FOR,12215.722138855617,12272.932633099561
Tropics,SAT8,178,FFSS_22.0_FOR,14342.686575097907,14397.73759683867
Tropics,SAT8,188,FFSS_22.0_FOR,3114.461202400489,3169.776977766303
Tropics,SAT8,906,FFSS_22.0_FOR,17516.997067419084,17572.88263293603
Tropics,SAT8,58,FFSS_22.0_FOR,2031.0329905283743,2087.1134069730283
Tropics,SAT8,58,FFSS_22.0_FOR,13980.12443755113,14035.794042071971
Tropics,SAT8,837,FFSS_22.0_FOR,17545.199421863836,17601.602173716725
Tropics,SAT8,1153,FFSS_22.0_FOR,5622.521868224048,5678.563275635348
Tropics,SAT8,99,FFSS_22.0_FOR,18821.19250460427,18878.816079992437
Tropics,SAT8,877,FFSS_22.0_FOR,21231.992821945198,21286.1565643349
Tropics,SAT8,64,FFSS_22.0_FOR,2526.328979977746,2583.439260258668
Tropics,SAT8,64,FFSS_22.0_FOR,8486.352467040726,8541.78860493802
Tropics,SAT8,593,FFSS_22.0_FOR,15079.612666069208,15082.418292554661
Tropics,SAT8,970,FFSS_22.0_FOR,17362.69269699933,17418.200309608354
Tropics,SAT8,248,FFSS_22.0_FOR,8918.760380938054,8974.278071842826
Tropics,SAT8,945,FFSS_22.0_FOR,21386.441462291517,21441.36746768162
Tropics,SAT8,159,FFSS_22.0_FOR,18882.546461825663,18939.42469736678
Tropics,SAT8,605,FFSS_22.0_FOR,3821.849772229676,3854.742258813284
Tropics,SAT8,113,FFSS_22.0_FOR,1895.022482795214,1952.6352123279278
Tropics,SAT8,113,FFSS_22.0_FOR,19871.90211203098,19926.999656509808
Tropics,SAT8,1036,FFSS_22.0_FOR,11568.276787139142,11623.901986390958
Tropics,SAT8,1088,FFSS_22.0_FOR,16960.868007154095,17018.514700558215
Tropics,SAT8,974,FFSS_22.0_FOR,11668.282457900712,11723.904789187567
Tropics,SAT8,182,FFSS_22.0_FOR,8660.558914137573,8715.85710036881
Tropics,SAT8,281,FFSS_22.0_FOR,18444.074924672957,18500.734121041394
Tropics,SAT8,978,FFSS_22.0_FOR,5973.446186576912,6029.467956164194
Tropics,SAT8,1146,FFSS_22.0_FOR,11032.009792098816,11089.674237364934
Tropics,SAT8,1146,FFSS_22.0_FOR,16992.248315064386,17048.66067838728
Tropics,SAT8,743,FFSS_22.0_FOR,9583.404827489543,9639.010491358518
Tropics,SAT8,420,FFSS_22.0_FOR,12610.13959307056,12665.453228429795
Tropics,SAT8,848,FFSS_22.0_FOR,6310.008285235622,6366.684336432348
Tropics,SAT8,1035,FFSS_22.0_FOR,11498.978165372746,11555.327681796462
Tropics,SAT8,734,FFSS_22.0_FOR,20948.994165552398,21003.598034374987
Tropics,SAT8,566,FFSS_22.0_FOR,6735.533140487015,6791.289040469751
Tropics,SAT8,783,FFSS_22.0_FOR,723.0818658651909,778.6925712468117
Tropics,SAT8,290,FFSS_22.0_FOR,7120.252754479377,7176.204593630175
Tropics,SAT8,1014,FFSS_22.0_FOR,15816.759805037802,15871.393722408508
Tropics,SAT8,231,FFSS_22.0_FOR,1556.1426281052281,1612.664597616058
Tropics,SAT8,183,FFSS_22.0_FOR,8729.950834894082,8784.321574309653
Tropics,SAT8,1094,FFSS_22.0_FOR,11447.716496594701,11503.59798273471
Tropics,SAT8,4,FFSS_22.0_FOR,7807.960754624367,7863.631744347028
Tropics,SAT8,4,FFSS_22.0_FOR,13760.449632140235,13815.779855277146
Tropics,SAT8,4,FFSS_22.0_FOR,19704.310494406596,19761.316253179742
Tropics,SAT8,46,FFSS_22.0_FOR,19044.59762711395,19101.265829302705
Tropics,SAT8,186,FFSS_22.0_FOR,2978.3559305336785,3033.93646162258
Tropics,SAT8,1010,FFSS_22.0_FOR,21498.50698101589,21553.248505425996
Tropics,SAT8,1032,FFSS_22.0_FOR,17249.843600536817,17305.53468059496
Tropics,SAT8,600,FFSS_22.0_FOR,9483.056839797557,9538.329786984254
Tropics,SAT8,1192,FFSS_22.0_FOR,16396.783980317246,16452.316069796027
Tropics,SAT8,881,FFSS_22.0_FOR,15530.07281508365,15584.29329711212
Tropics,SAT8,973,FFSS_22.0_FOR,11600.473050382983,11657.991474595452
Tropics,SAT8,100,FFSS_22.0_FOR,18895.055956730394,18950.945581402862
Tropics,SAT8,627,FFSS_22.0_FOR,17886.457353620106,17942.68558521247
Tropics,SAT8,7,FFSS_22.0_FOR,2107.934759842924,2163.7454558606437
Tropics,SAT8,7,FFSS_22.0_FOR,8059.738744615402,8115.09523321845
Tropics,SAT8,7,FFSS_22.0_FOR,14005.827008220396,14062.277965107158
Tropics,SAT8,161,FFSS_22.0_FOR,13072.644349411594,13128.367265071305
Tropics,SAT8,111,FFSS_22.0_FOR,1746.576291069042,1802.1189877485142
Tropics,SAT8,57,FFSS_22.0_FOR,1953.0864110275345,2008.633042418252
Tropics,SAT8,57,FFSS_22.0_FOR,13899.101707171694,13955.83973190691
Tropics,SAT8,57,FFSS_22.0_FOR,19855.63184693077,19911.605365142863
Tropics,SAT8,1201,FFSS_22.0_FOR,5248.152963413566,5303.8603318681535
Tropics,SAT8,1201,FFSS_22.0_FOR,11192.27067904358,11250.042212928527
Tropics,SAT8,373,FFSS_22.0_FOR,20433.032226815878,20486.903811676373
Tropics,SAT8,416,FFSS_22.0_FOR,18319.5140895647,18375.7486184922
Tropics,SAT8,953,FFSS_22.0_FOR,9997.781867053973,10052.092558022447
Tropics,SAT8,958,FFSS_22.0_FOR,4368.513841631613,4423.401850697814
Tropics,SAT8,450,FFSS_22.0_FOR,14944.33292269709,14970.306055839588
Tropics,SAT8,352,FFSS_22.0_FOR,12711.886614787903,12767.18967925117
Tropics,SAT8,47,FFSS_22.0_FOR,19125.7546125092,19181.568797688786
Tropics,SAT8,3,FFSS_22.0_FOR,7726.25592328358,7782.554174947341
Tropics,SAT8,3,FFSS_22.0_FOR,13676.071129488115,13731.485757911481
Tropics,SAT8,3,FFSS_22.0_FOR,19625.602846763137,19681.35721237031
Tropics,SAT8,230,FFSS_22.0_FOR,1490.677298788401,1546.0336043967147
Tropics,SAT8,388,FFSS_22.0_FOR,3486.541268178318,3542.3419826675927
Tropics,SAT8,816,FFSS_22.0_FOR,9784.960718906066,9839.171871383207
Tropics,SAT8,291,FFSS_22.0_FOR,7184.980192773821,7240.473222950906
Tropics,SAT8,920,FFSS_22.0_FOR,535.37727106893,592.7130647558186
Tropics,SAT8,0,FFSS_22.0_FOR,13425.90427714694,13481.919254392402
Tropics,SAT8,0,FFSS_22.0_FOR,19376.858013546167,19432.252059999155
Tropics,SAT8,489,FFSS_22.0_FOR,12440.475398139552,12496.528510097705
Tropics,SAT8,118,FFSS_22.0_FOR,14282.061846216242,14336.78497918359
Tropics,SAT8,50,FFSS_22.0_FOR,13425.90427714694,13481.9192543924
Tropics,SAT8,50,FFSS_22.0_FOR,19376.858013546163,19432.252059999162
Tropics,SAT8,374,FFSS_22.0_FOR,20492.73698408063,20547.99352748073
Tropics,SAT8,911,FFSS_22.0_FOR,11876.579359501593,11933.755877913
Tropics,SAT8,415,FFSS_22.0_FOR,18258.275436281518,18313.581153841944
Tropics,SAT8,843,FFSS_22.0_FOR,11958.952384071305,12014.73889383408
Tropics,SAT8,1090,FFSS_22.0_FOR,17110.844867533182,17166.632641989174
Tropics,SAT8,318,FFSS_22.0_FOR,3295.7534003671017,3349.7726410258615
Tropics,SAT8,9,FFSS_22.0_FOR,2274.5475412584415,2329.9887821856496
Tropics,SAT8,9,FFSS_22.0_FOR,8226.402430268128,8281.797050259589
Tropics,SAT8,498,FFSS_22.0_FOR,1074.84285697226,1131.9256049022033
Tropics,SAT8,526,FFSS,9329.500439048716,9383.313271730525
Tropics,SAT8,1200,FFSS,5163.776762625659,5219.430492762843
Tropics,SAT8,847,FFSS,6250.025714316657,6305.373628660434
Tropics,SAT8,1191,FFSS,16313.662713068292,16369.240368288685
Tropics,SAT8,1196,FFSS,10780.156028900194,10835.747845373495
Tropics,SAT8,1196,FFSS,16732.0118486822,16788.001850089215
Tropics,SAT8,1136,FFSS,16183.362700464948,16238.90915496543
Tropics,SAT8,811,FFSS,15433.200911712715,15487.154230917413
Tropics,SAT8,820,FFSS,4075.7285201909676,4129.743576034081
Tropics,SAT8,1194,FFSS,10613.65552190172,10669.334610285128
Tropics,SAT8,1194,FFSS,16565.321062562612,16621.004330821004
Tropics,SAT8,594,FFSS,15086.16183835336,15139.946374144281
Tropics,SAT8,749,FFSS,3991.3819757118977,4045.3372689180364
Tropics,SAT8,282,FFSS,18508.53196103331,18563.899164536328
Tropics,SAT8,979,FFSS,6038.863107364471,6094.534956651106
Tropics,SAT8,1142,FFSS,4735.709048844951,4790.899776367884
Tropics,SAT8,1145,FFSS,16917.552986032457,16973.309773123437
Tropics,SAT8,919,FFSS,474.442412337726,529.891493809585
Tropics,SAT8,1135,FFSS,16106.20273966462,16161.313983385084
Tropics,SAT8,219,FFSS,18659.874365707252,18715.42684546483
Tropics,SAT8,175,FFSS,20093.06468707163,20147.561552912175
Tropics,SAT8,10,FFSS,2358.9738711859945,2414.3549926006385
Tropics,SAT8,449,FFSS,14885.743035371499,14939.55357723751
Tropics,SAT8,162,FFSS,13145.238494287263,13200.934868816723
Tropics,SAT8,744,FFSS,9643.99148341334,9697.83056226636
Tropics,SAT8,570,FFSS,1019.4252378357904,1074.6631479525827
Tropics,SAT8,905,FFSS,17454.219982853596,17509.895301048426
Tropics,SAT8,169,FFSS,1614.752385217416,1670.1855451015267
Tropics,SAT8,494,FFSS,6788.1160182832355,6843.5852492765935
Tropics,SAT8,107,FFSS,7409.595594695017,7465.213611394699
Tropics,SAT8,628,FFSS,17945.685600382796,18000.95576550355
Tropics,SAT8,12,FFSS,2526.4199377713458,2581.7326824258244
Tropics,SAT8,165,FFSS,7409.595594695017,7465.213611394699
Tropics,SAT8,556,FFSS,18049.194571856122,18104.406445216082
Tropics,SAT8,521,FFSS,14986.376390098305,15040.103917998602
Tropics,SAT8,773,FFSS,12028.29366603113,12083.626127985064
Tropics,SAT8,227,FFSS,7296.426938031843,7351.85611817861
Tropics,SAT8,444,FFSS,20538.32177421319,20592.14657231808
Tropics,SAT8,886,FFSS,9890.91155772389,9945.110541138205
Tropics,SAT8,561,FFSS,12392.39450992213,12447.772736855784
Tropics,SAT8,1195,FFSS,10696.315282024061,10751.841311757393
Tropics,SAT8,1195,FFSS,16649.302134556587,16705.047287495447
Tropics,SAT8,1198,FFSS,4995.985802769091,5051.528670788656
Tropics,SAT8,1198,FFSS,10948.785248276645,11004.506321295185
Tropics,SAT8,247,FFSS,8855.913501491033,8910.076762243183
Tropics,SAT8,944,FFSS,21321.543209324598,21375.952121527607
Tropics,SAT8,949,FFSS,15692.03941972415,15746.5165187788
Tropics,SAT8,108,FFSS,7482.444739557134,7538.245489718705
Tropics,SAT8,1193,FFSS,16480.89135365609,16536.509602153958
Tropics,SAT8,712,FFSS,784.188804426057,839.6597618464239
Tropics,SAT8,910,FFSS,11815.497903428464,11870.928398732733
Tropics,SAT8,378,FFSS,14784.62374389764,14838.66559299459
Tropics,SAT8,806,FFSS,21081.435063645215,21135.586909999223
Tropics,SAT8,1143,FFSS,4812.129273825807,4867.445567309279
Tropics,SAT8,633,FFSS,12284.72398592012,12340.171051485007
Tropics,SAT8,5,FFSS,7891.143855234555,7946.628029180113
Tropics,SAT8,5,FFSS,13844.081411972986,13899.371767498966
Tropics,SAT8,516,FFSS,20643.113768948144,20696.96708203287
Tropics,SAT8,314,FFSS,8997.510367700861,9051.675660853865
Tropics,SAT8,67,FFSS,2764.3594591168626,2819.288750643941
Tropics,SAT8,48,FFSS,19208.516548200467,19264.043987282945
Tropics,SAT8,2,FFSS,13591.739481672223,13647.206311168038
Tropics,SAT8,2,FFSS,19544.264282364315,19599.594424914816
Tropics,SAT8,642,FFSS,904.3372887632617,959.6276583446878
Tropics,SAT8,56,FFSS,19782.218443428454,19837.167472482393
Tropics,SAT8,101,FFSS,18970.959273993183,19026.52546810345
Tropics,SAT8,382,FFSS,9075.458536637621,9129.433447736948
Tropics,SAT8,708,FFSS,6500.489952779328,6555.928002806374
Tropics,SAT8,739,FFSS,15296.534788883828,15350.58910337718
Tropics,SAT8,1022,FFSS,4453.367170041592,4507.911985244068
Tropics,SAT8,1076,FFSS,15974.007416443541,16029.014099805887
Tropics,SAT8,117,FFSS,14209.236508627971,14264.192697159893
Tropics,SAT8,676,FFSS,3847.5979099523465,3901.4788919542552
Tropics,SAT8,485,FFSS,18153.52389191501,18208.745662612226
Tropics,SAT8,8,FFSS,2190.6620177137934,2246.17771180238
Tropics,SAT8,8,FFSS,8143.71628077327,8198.998714450816
Tropics,SAT8,604,FFSS,3764.29249351658,3818.0637210212817
Tropics,SAT8,309,FFSS,14636.815097582139,14690.858144880647
Tropics,SAT8,1018,FFSS,10135.04696489165,10189.61504003165
Tropics,SAT8,589,FFSS,20747.00826421221,20800.969352003383
Tropics,SAT8,294,FFSS,1370.8495508103929,1426.1450256170522
Tropics,SAT8,599,FFSS,9425.256097371373,9478.976666511737
Tropics,SAT8,305,FFSS,20338.64619171681,20392.77120919194
Tropics,SAT8,348,FFSS,18413.95610868399,18469.53123981476
Tropics,SAT8,125,FFSS,2883.7358687072165,2938.4755059531026
Tropics,SAT8,735,FFSS,21009.289208196224,21063.267149798772
Tropics,SAT8,1084,FFSS,4648.351125691418,4703.610911312825
Tropics,SAT8,1093,FFSS,11374.973489973972,11430.90188624105
Tropics,SAT8,121,FFSS,8546.514533248162,8601.35113311129
Tropics,SAT8,387,FFSS,3427.3025129191933,3481.1888171973505
Tropics,SAT8,66,FFSS,2687.5736644118015,2742.7079211324126
Tropics,SAT8,890,FFSS,4188.979910376041,4243.172215910646
Tropics,SAT8,105,FFSS,13324.097885151357,13379.76652543251
Tropics,SAT8,53,FFSS,7600.188328350811,7655.73183165611
Tropics,SAT8,104,FFSS,13247.512184430589,13303.163859164959
Tropics,SAT8,458,FFSS,3520.395247326579,3574.237633517961
Tropics,SAT8,662,FFSS,20877.41685867246,20931.173460444337
Tropics,SAT8,703,FFSS,12157.354783474346,12212.602433329632
Tropics,SAT8,1144,FFSS,16839.738466814124,16895.859636610472
Tropics,SAT8,1139,FFSS,10459.053291494944,10514.220061024334
Tropics,SAT8,842,FFSS,11897.850175397187,11953.504179341653
Tropics,SAT8,112,FFSS,1819.6851318242902,1875.611373224949
Tropics,SAT8,565,FFSS,6676.082364824362,6731.557218244369
Tropics,SAT8,223,FFSS,12978.133852935563,13033.603521779594
Tropics,SAT8,490,FFSS,12501.004266628977,12556.343442816536
Tropics,SAT8,672,FFSS,9563.66271970501,9617.769807310891
Tropics,SAT8,114,FFSS,19945.19195781856,19999.85353860494
Tropics,SAT8,1044,FFSS,204.9140450508364,260.54306149148044
Tropics,SAT8,158,FFSS,18808.06586154089,18863.68038794474
Tropics,SAT8,1080,FFSS,10311.162003225956,10366.28424752882
Tropics,SAT8,499,FFSS,1135.6692586730298,1190.8913727284955
Tropics,SAT8,174,FFSS,20024.738688575642,20079.57996151028
Tropics,SAT8,63,FFSS,8411.734571479183,8466.629547539133
Tropics,SAT8,667,FFSS,15220.57215500763,15274.399849013058
Tropics,SAT8,286,FFSS,12814.34131773143,12869.84444304872
Tropics,SAT8,983,FFSS,344.83801535056654,400.3504598119704
Tropics,SAT8,59,FFSS,14058.77724491373,14113.745677689842
Tropics,SAT8,243,FFSS,14549.872831632301,14604.198247810195
Tropics,SAT8,838,FFSS,17607.47757525381,17662.850761720758
Tropics,SAT8,1083,FFSS,4575.544897342944,4630.414844039881
Tropics,SAT8,1097,FFSS,5712.252941051282,5768.090408667718
Tropics,SAT8,55,FFSS,19705.505352349584,19760.63711654119
Tropics,SAT8,1079,FFSS,10238.616018324064,10293.554966111633
Tropics,SAT8,1101,FFSS,49.475930140038216,105.24549654753248
Tropics,SAT8,1089,FFSS,17037.638216548738,17093.679542312853
Tropics,SAT8,1199,FFSS,5079.486522259581,5135.052180304711
Tropics,SAT8,1199,FFSS,11032.022460062362,11087.89489384464
Tropics,SAT8,11,FFSS,2443.201704712776,2498.496448538557
Tropics,SAT8,360,FFSS,1252.663756359186,1307.9103131940396
Tropics,SAT8,698,FFSS,17814.084794694678,17869.354219148852
Tropics,SAT8,429,FFSS,1252.6637563591844,1307.9103131940376
Tropics,SAT8,6,FFSS,7975.291115298519,8030.721043654734
Tropics,SAT8,778,FFSS,6375.818734173058,6431.123895403656
Tropics,SAT8,1152,FFSS,5546.676945311691,5602.480449034332
Tropics,SAT8,357,FFSS,7072.932853261434,7128.561522943608
Tropics,SAT8,1197,FFSS,10864.559205356663,10920.23015916999
Tropics,SAT8,1202,FFSS,5331.8207441402365,5387.6207377317505
Tropics,SAT8,251,FFSS,3161.5340942688185,3215.8355918850143
Tropics,SAT8,238,FFSS,20179.468148785196,20233.753524725646
Tropics,SAT8,54,FFSS,7677.456841472207,7733.302619811219
Tropics,SAT8,914,FFSS,6113.2463743219805,6168.8726336534855
Tropics,SAT8,179,FFSS,14411.545813985866,14465.956440874848
Tropics,SAT8,957,FFSS,4303.647649952971,4358.08958286893
Tropics,SAT8,187,FFSS,3048.279729817687,3102.6554262838386
Tropics,SAT8,1149,FFSS,11270.210789894996,11326.046993398058
Tropics,SAT8,1148,FFSS,11193.353277204864,11249.280330740105
Tropics,SAT8,122,FFSS,8618.871733826194,8673.687747259906
Tropics,SAT8,1040,FFSS,5886.6336611344905,5942.23839743833
Tropics,SAT8,637,FFSS,6565.110166117942,6620.599003240705
Tropics,SAT8,424,FFSS,6900.790048175167,6956.289670063495
Tropics,SAT8,852,FFSS,601.7478365352059,657.2450621766384
Tropics,SAT8,1,FFSS,13508.160951006917,13563.742179698878
Tropics,SAT8,1,FFSS,19461.07515369431,19516.382645677037
Tropics,SAT8,49,FFSS,19292.424394565565,19347.879570566813
Tropics,SAT8,1153,FFSS,5622.521868246286,5678.563274207303
Tropics,SAT8,877,FFSS,21231.99282970503,21286.1565643399
Tropics,SAT8,970,FFSS,17362.692696816237,17418.200309610776
Tropics,SAT8,113,FFSS,19871.90211203128,19926.999706487342
Tropics,SAT8,1036,FFSS,11568.276759993088,11623.901986247269
Tropics,SAT8,974,FFSS,11668.282780370606,11723.904978330283
Tropics,SAT8,420,FFSS,12610.13927839051,12665.453471158118
Tropics,SAT8,783,FFSS,723.0818658573331,756.3073920586687
Tropics,SAT8,1014,FFSS,15816.759776074983,15871.393721781276
Tropics,SAT8,183,FFSS,8729.950705403751,8784.321574288735
Tropics,SAT8,1094,FFSS,11447.716496524774,11503.597980938657
Tropics,SAT8,4,FFSS,7807.960964351669,7863.631906504574
Tropics,SAT8,4,FFSS,13760.449901140137,13815.779847498306
Tropics,SAT8,1010,FFSS,21498.506069157476,21553.24850502451
Tropics,SAT8,1032,FFSS,17249.843600612476,17305.534750483817
Tropics,SAT8,1192,FFSS,16396.783980317246,16452.316069796427
Tropics,SAT8,881,FFSS,15530.07281504709,15584.293294982148
Tropics,SAT8,7,FFSS,2107.9347371174163,2163.745438523376
Tropics,SAT8,7,FFSS,8059.7387446154025,8115.095233218448
Tropics,SAT8,161,FFSS,13072.64438335269,13128.36726505538
Tropics,SAT8,111,FFSS,1746.5762910378426,1802.1191880299116
Tropics,SAT8,57,FFSS,1953.0864027266903,2008.633042418815
Tropics,SAT8,1201,FFSS,5248.1529842588,5303.860455639405
Tropics,SAT8,373,FFSS,20433.032226835534,20486.903811676286
Tropics,SAT8,953,FFSS,9997.781867111453,10052.092558022492
Tropics,SAT8,352,FFSS,12711.886614787903,12767.189787172247
Tropics,SAT8,47,FFSS,19125.75461254399,19181.56879694853
Tropics,SAT8,3,FFSS,13676.07112939733,13731.485757911565
Tropics,SAT8,230,FFSS,1490.6772987761624,1546.0336135398045
Tropics,SAT8,816,FFSS,9784.960768378909,9839.171871390197
Tropics,SAT8,291,FFSS,7184.980192608227,7240.47345960782
Tropics,SAT8,0,FFSS,19376.85801335931,19432.25205999924
Tropics,SAT8,118,FFSS,14282.061844247153,14336.78553880865
Tropics,SAT8,50,FFSS,19376.85801335931,19432.252059999235
Tropics,SAT8,415,FFSS,18258.27512986444,18313.58115190546
Tropics,SAT8,1090,FFSS,17110.844867519212,17166.63264015957
Tropics,SAT8,318,FFSS,3295.7534003671017,3349.77166651824
Tropics,SAT8,9,FFSS,2274.5475412584415,2329.9887821856496
Tropics,SAT8,9,FFSS,8226.402430265014,8281.797049806504
Tropics,GEO2,641,GEO2_comms,17069.87148090527,18189.980214441388
Tropics,GEO2,642,GEO2_comms,21362.110919606803,21600.0
Tropics,GEO2,638,GEO2_comms,4192.5128575147255,5324.961946699448
Tropics,GEO2,637,GEO2_comms,0.0,1033.0699767396634
Tropics,GEO2,640,GEO2_comms,12776.372195909651,13902.311346621143
Tropics,GEO2,639,GEO2_comms,8483.432115229567,9614.517702513529
Tropics,SAT6,670,FFSS_22.0_FOR,2033.7072116256934,2089.1559928877077
Tropics,SAT6,1184,FFSS_22.0_FOR,14272.598835391933,14329.4683376788
Tropics,SAT6,1184,FFSS_22.0_FOR,20218.317190185964,20273.621727843667
Tropics,SAT6,669,FFSS_22.0_FOR,1974.9281320193318,2028.6567471639537
Tropics,SAT6,370,FFSS_22.0_FOR,12838.506092640859,12892.931633589345
Tropics,SAT6,1191,FFSS_22.0_FOR,2953.8531483071383,3010.2346782714912
Tropics,SAT6,1191,FFSS_22.0_FOR,8901.107730633768,8956.451831554954
Tropics,SAT6,1191,FFSS_22.0_FOR,14852.38903566335,14908.1828822642
Tropics,SAT6,477,FFSS_22.0_FOR,16213.168447497746,16269.535737178081
Tropics,SAT6,946,FFSS_22.0_FOR,8086.799819726703,8141.051913469664
Tropics,SAT6,1141,FFSS_22.0_FOR,9194.700526666418,9251.478027068411
Tropics,SAT6,1141,FFSS_22.0_FOR,15147.889342816949,15205.326162804762
Tropics,SAT6,1196,FFSS_22.0_FOR,3368.983816547076,3424.435019838208
Tropics,SAT6,1190,FFSS_22.0_FOR,8817.191966984863,8872.456685370898
Tropics,SAT6,1190,FFSS_22.0_FOR,14769.999433691686,14825.497647644443
Tropics,SAT6,548,FFSS_22.0_FOR,16115.66419059858,16171.478183861756
Tropics,SAT6,692,FFSS_22.0_FOR,15998.512608874209,16055.929470032455
Tropics,SAT6,1136,FFSS_22.0_FOR,2819.122653943731,2874.2782101123025
Tropics,SAT6,1136,FFSS_22.0_FOR,8779.24988347849,8836.64160564772
Tropics,SAT6,1136,FFSS_22.0_FOR,14757.445201897663,14815.440089474863
Tropics,SAT6,1136,FFSS_22.0_FOR,20723.319212500952,20778.910044615448
Tropics,SAT6,1188,FFSS_22.0_FOR,8653.12934046569,8709.102535827304
Tropics,SAT6,1188,FFSS_22.0_FOR,14601.851700094738,14657.220457541602
Tropics,SAT6,1188,FFSS_22.0_FOR,20552.003730580036,20608.00455191381
Tropics,SAT6,813,FFSS_22.0_FOR,2190.980693549595,2244.854327385651
Tropics,SAT6,1194,FFSS_22.0_FOR,3200.417599026003,3255.734352318021
Tropics,SAT6,1194,FFSS_22.0_FOR,9152.516650918415,9208.170058358337
Tropics,SAT6,741,FFSS_22.0_FOR,2052.5439995431707,2106.739879143439
Tropics,SAT6,1181,FFSS_22.0_FOR,19971.663413508606,20028.000807960103
Tropics,SAT6,417,FFSS_22.0_FOR,5014.912437307194,5070.378632135008
Tropics,SAT6,624,FFSS_22.0_FOR,10298.197250521998,10355.644524455867
Tropics,SAT6,830,FFSS_22.0_FOR,15659.723837647398,15715.761740381784
Tropics,SAT6,487,FFSS_22.0_FOR,4908.393615439503,4963.719861927731
Tropics,SAT6,691,FFSS_22.0_FOR,15940.302756443098,15995.539699762858
Tropics,SAT6,239,FFSS_22.0_FOR,6877.021024089175,6933.365684732015
Tropics,SAT6,510,FFSS_22.0_FOR,18828.705794169666,18884.193661930025
Tropics,SAT6,654,FFSS_22.0_FOR,18945.09101306275,18999.68331334137
Tropics,SAT6,1142,FFSS_22.0_FOR,9275.040071089561,9330.932747697389
Tropics,SAT6,1145,FFSS_22.0_FOR,3549.0609467589,3605.5279075692315
Tropics,SAT6,412,FFSS_22.0_FOR,10663.025030700921,10719.068603280808
Tropics,SAT6,840,FFSS_22.0_FOR,4364.233208710402,4419.477311350063
Tropics,SAT6,1183,FFSS_22.0_FOR,20134.689702440926,20189.944146010857
Tropics,SAT6,43,FFSS_22.0_FOR,17328.96149346737,17384.729100713972
Tropics,SAT6,1135,FFSS_22.0_FOR,8698.22211119294,8754.52028385517
Tropics,SAT6,1135,FFSS_22.0_FOR,20646.56850361207,20702.238112838386
Tropics,SAT6,800,FFSS_22.0_FOR,19257.67803556621,19312.357547999836
Tropics,SAT6,175,FFSS_22.0_FOR,6724.534563966393,6781.5195261839335
Tropics,SAT6,1132,FFSS_22.0_FOR,8466.981888659226,8522.486095552073
Tropics,SAT6,1132,FFSS_22.0_FOR,14424.727427914831,14481.77113851052
Tropics,SAT6,218,FFSS_22.0_FOR,11182.171272836615,11240.239854554198
Tropics,SAT6,176,FFSS_22.0_FOR,6796.230135939361,6851.134322734837
Tropics,SAT6,736,FFSS_22.0_FOR,7704.973159633279,7759.871289511076
Tropics,SAT6,110,FFSS_22.0_FOR,12239.099405004636,12295.989541572242
Tropics,SAT6,878,FFSS_22.0_FOR,7930.782570097737,7985.824899901131
Tropics,SAT6,340,FFSS_22.0_FOR,16452.348435197728,16508.376380441263
Tropics,SAT6,436,FFSS_22.0_FOR,18598.273602207417,18653.58143210736
Tropics,SAT6,169,FFSS_22.0_FOR,18226.88921677735,18282.026425084805
Tropics,SAT6,620,FFSS_22.0_FOR,16018.9056562487,16074.329229589592
Tropics,SAT6,367,FFSS_22.0_FOR,18607.56598706872,18663.246164653392
Tropics,SAT6,587,FFSS_22.0_FOR,13219.19924469432,13272.995022666586
Tropics,SAT6,631,FFSS_22.0_FOR,4755.200298893208,4812.011413913104
Tropics,SAT6,95,FFSS_22.0_FOR,17053.06518321857,17108.849985022294
Tropics,SAT6,756,FFSS_22.0_FOR,21453.16060689727,21508.962258163952
Tropics,SAT6,107,FFSS_22.0_FOR,0.7653769603420411,58.592705038403345
Tropics,SAT6,107,FFSS_22.0_FOR,17978.292154305072,18033.65284301365
Tropics,SAT6,165,FFSS_22.0_FOR,0.7653769603413838,58.59270503840193
Tropics,SAT6,165,FFSS_22.0_FOR,17978.29215430507,18033.65284301365
Tropics,SAT6,700,FFSS_22.0_FOR,4567.21652216587,4622.577334171843
Tropics,SAT6,665,FFSS_22.0_FOR,7690.739990181254,7745.44490696045
Tropics,SAT6,696,FFSS_22.0_FOR,10283.391374634413,10338.87495226298
Tropics,SAT6,62,FFSS_22.0_FOR,921.9227849647598,977.5598572471074
Tropics,SAT6,685,FFSS_22.0_FOR,21536.244277868173,21593.338566486073
Tropics,SAT6,488,FFSS_22.0_FOR,4968.579075062794,5024.917277550073
Tropics,SAT6,442,FFSS_22.0_FOR,13006.891913134112,13060.935004379151
Tropics,SAT6,167,FFSS_22.0_FOR,18089.36467363857,18145.59622103552
Tropics,SAT6,168,FFSS_22.0_FOR,18160.001421373214,18214.65410252363
Tropics,SAT6,164,FFSS_22.0_FOR,17901.322047258687,17958.495587083984
Tropics,SAT6,731,FFSS_22.0_FOR,13401.019863833071,13413.23195046749
Tropics,SAT6,908,FFSS_22.0_FOR,4277.485652635734,4333.169026315659
Tropics,SAT6,310,FFSS_22.0_FOR,1332.782850077666,1388.9803717736906
Tropics,SAT6,875,FFSS_22.0_FOR,13695.413902062068,13749.947172298445
Tropics,SAT6,805,FFSS_22.0_FOR,13609.498065577804,13665.243538265146
Tropics,SAT6,951,FFSS_22.0_FOR,2457.2701940433626,2511.6110603266798
Tropics,SAT6,1189,FFSS_22.0_FOR,8734.372101117115,8789.735085811866
Tropics,SAT6,1189,FFSS_22.0_FOR,14686.211744862865,14741.638596079378
Tropics,SAT6,1189,FFSS_22.0_FOR,20631.254656506037,20688.437878890436
Tropics,SAT6,109,FFSS_22.0_FOR,18121.296469024506,18177.512728294747
Tropics,SAT6,274,FFSS_22.0_FOR,16574.995245454495,16589.88054378657
Tropics,SAT6,971,FFSS_22.0_FOR,4060.5889579910527,4117.021737717574
Tropics,SAT6,1195,FFSS_22.0_FOR,3284.7158202788946,3340.117830031898
Tropics,SAT6,1195,FFSS_22.0_FOR,9233.538868921574,9289.824260778167
Tropics,SAT6,1186,FFSS_22.0_FOR,14434.447214812632,14489.73431562586
Tropics,SAT6,1186,FFSS_22.0_FOR,20386.875709286967,20442.31342888013
Tropics,SAT6,1081,FFSS_22.0_FOR,20949.87101129442,21006.6942284105
Tropics,SAT6,1198,FFSS_22.0_FOR,3534.192157085728,3590.1921499622226
Tropics,SAT6,964,FFSS_22.0_FOR,15514.557045773821,15570.618358489726
Tropics,SAT6,177,FFSS_22.0_FOR,6864.187591269903,6918.941825154807
Tropics,SAT6,899,FFSS_22.0_FOR,15618.610600355572,15674.219860398156
Tropics,SAT6,108,FFSS_22.0_FOR,18051.703421063023,18106.56339879525
Tropics,SAT6,884,FFSS_22.0_FOR,2354.339432053695,2408.9590734331823
Tropics,SAT6,1134,FFSS_22.0_FOR,8619.058068062259,8674.370131685533
Tropics,SAT6,1134,FFSS_22.0_FOR,20567.05397026434,20623.483776797246
Tropics,SAT6,1193,FFSS_22.0_FOR,3116.80977369285,3172.0790751872482
Tropics,SAT6,1193,FFSS_22.0_FOR,9069.556659538252,9125.024207823224
Tropics,SAT6,345,FFSS_22.0_FOR,10813.232933466776,10868.677731710188
Tropics,SAT6,839,FFSS_22.0_FOR,4301.662119053742,4358.251382648276
Tropics,SAT6,826,FFSS_22.0_FOR,21369.847760564455,21425.104561461263
Tropics,SAT6,1143,FFSS_22.0_FOR,9352.824425442797,9408.343291133333
Tropics,SAT6,557,FFSS_22.0_FOR,4742.093553271336,4799.2562989066755
Tropics,SAT6,701,FFSS_22.0_FOR,4626.355860454261,4682.300598972433
Tropics,SAT6,586,FFSS_22.0_FOR,13160.243402993905,13214.947858302367
Tropics,SAT6,408,FFSS_22.0_FOR,16372.389740291977,16427.73978498355
Tropics,SAT6,836,FFSS_22.0_FOR,10072.94079871832,10128.835093249403
Tropics,SAT6,5,FFSS_22.0_FOR,479.66597841143096,535.3000032543162
Tropics,SAT6,5,FFSS_22.0_FOR,6427.026616100968,6483.456146393962
Tropics,SAT6,660,FFSS_22.0_FOR,13347.728397568344,13401.897883767164
Tropics,SAT6,879,FFSS_22.0_FOR,7993.390361846598,8047.411861989916
Tropics,SAT6,809,FFSS_22.0_FOR,7900.193248764222,7954.463019834365
Tropics,SAT6,45,FFSS_22.0_FOR,11545.999397577316,11602.153727490202
Tropics,SAT6,45,FFSS_22.0_FOR,17497.54635584289,17553.193200134745
Tropics,SAT6,904,FFSS_22.0_FOR,9978.31621211544,10035.067833448893
Tropics,SAT6,1127,FFSS_22.0_FOR,19990.53311539083,20046.143508985984
Tropics,SAT6,524,FFSS_22.0_FOR,1799.3337167162472,1854.127026920349
Tropics,SAT6,668,FFSS_22.0_FOR,1915.0497492993638,1970.2792444909956
Tropics,SAT6,48,FFSS_22.0_FOR,5846.247776087942,5902.641074694362
Tropics,SAT6,48,FFSS_22.0_FOR,17745.765568705225,17801.879175129958
Tropics,SAT6,2,FFSS_22.0_FOR,228.1241091843374,284.1094888271943
Tropics,SAT6,2,FFSS_22.0_FOR,12125.726520692437,12182.62796105753
Tropics,SAT6,690,FFSS_22.0_FOR,15880.063918585623,15936.371790491938
Tropics,SAT6,596,FFSS_22.0_FOR,1838.7445908386035,1892.728626123918
Tropics,SAT6,1013,FFSS_22.0_FOR,8339.569263047366,8396.271773101189
Tropics,SAT6,1025,FFSS_22.0_FOR,15315.923687930219,15371.443412392116
Tropics,SAT6,181,FFSS_22.0_FOR,1182.7226071183788,1237.3587870313813
Tropics,SAT6,180,FFSS_22.0_FOR,1114.2304557114394,1169.3198120309019
Tropics,SAT6,1004,FFSS_22.0_FOR,19633.67804014074,19688.74866129455
Tropics,SAT6,56,FFSS_22.0_FOR,6415.539370685338,6471.477783146174
Tropics,SAT6,101,FFSS_22.0_FOR,5608.020955777118,5665.097683133833
Tropics,SAT6,101,FFSS_22.0_FOR,11564.019880064287,11621.342203760754
Tropics,SAT6,213,FFSS_22.0_FOR,16794.089668623634,16850.26637122277
Tropics,SAT6,1017,FFSS_22.0_FOR,2657.5186916003954,2713.8341603255726
Tropics,SAT6,478,FFSS_22.0_FOR,16273.742434390428,16329.068281133501
Tropics,SAT6,765,FFSS_22.0_FOR,10087.033193635849,10143.717375467875
Tropics,SAT6,452,FFSS_22.0_FOR,1700.6359496555415,1756.0875295509582
Tropics,SAT6,509,FFSS_22.0_FOR,18770.45359432573,18824.217977290966
Tropics,SAT6,1029,FFSS_22.0_FOR,9634.031925257374,9689.673046334618
Tropics,SAT6,959,FFSS_22.0_FOR,21144.91181644154,21200.259522882898
Tropics,SAT6,284,FFSS_22.0_FOR,5272.733159186917,5328.249089881085
Tropics,SAT6,237,FFSS_22.0_FOR,12701.60163430689,12757.36799737083
Tropics,SAT6,1022,FFSS_22.0_FOR,21064.460452409523,21120.637056740514
Tropics,SAT6,732,FFSS_22.0_FOR,13417.942191111351,13471.755850620682
Tropics,SAT6,438,FFSS_22.0_FOR,18718.47348170711,18774.032831853394
Tropics,SAT6,742,FFSS_22.0_FOR,2112.68132530572,2166.8251917094376
Tropics,SAT6,762,FFSS_22.0_FOR,15860.855936752712,15916.860387721856
Tropics,SAT6,1076,FFSS_22.0_FOR,2611.5032820943425,2667.71554357035
Tropics,SAT6,1091,FFSS_22.0_FOR,3818.2607954450577,3873.899711750398
Tropics,SAT6,275,FFSS_22.0_FOR,16596.39148761028,16652.007791585904
Tropics,SAT6,972,FFSS_22.0_FOR,4127.046922792086,4182.400644898281
Tropics,SAT6,943,FFSS_22.0_FOR,13846.226778474102,13901.756177160036
Tropics,SAT6,1071,FFSS_22.0_FOR,14155.031287469832,14211.237768097155
Tropics,SAT6,97,FFSS_22.0_FOR,11256.21382628633,11314.041795370864
Tropics,SAT6,97,FFSS_22.0_FOR,17209.7892605475,17266.791973419447
Tropics,SAT6,155,FFSS_22.0_FOR,11178.46917719537,11234.408544889182
Tropics,SAT6,1086,FFSS_22.0_FOR,9404.610760859572,9461.840523247956
Tropics,SAT6,60,FFSS_22.0_FOR,769.4246505464538,825.0598320623019
Tropics,SAT6,1021,FFSS_22.0_FOR,20997.73923277288,21053.178596579706
Tropics,SAT6,297,FFSS_22.0_FOR,18377.30534769187,18432.333750900154
Tropics,SAT6,8,FFSS_22.0_FOR,727.9803738332147,784.0607916765193
Tropics,SAT6,42,FFSS_22.0_FOR,17245.948025166224,17301.937427273027
Tropics,SAT6,757,FFSS_22.0_FOR,21513.802048538073,21569.238572684888
Tropics,SAT6,894,FFSS_22.0_FOR,21258.029196313153,21313.312597854012
Tropics,SAT6,1138,FFSS_22.0_FOR,2972.56802017108,3028.167115630224
Tropics,SAT6,1138,FFSS_22.0_FOR,14921.171292024439,14977.313766558891
Tropics,SAT6,874,FFSS_22.0_FOR,13632.601629582457,13686.789102154838
Tropics,SAT6,1137,FFSS_22.0_FOR,2894.7874696606873,2949.720247512213
Tropics,SAT6,1137,FFSS_22.0_FOR,14840.13950620829,14897.234830535162
Tropics,SAT6,1137,FFSS_22.0_FOR,20796.783081188758,20853.498086548178
Tropics,SAT6,629,FFSS_22.0_FOR,4637.699026904044,4694.48681320235
Tropics,SAT6,870,FFSS_22.0_FOR,19334.483168970717,19388.48490988339
Tropics,SAT6,482,FFSS_22.0_FOR,10560.827868286715,10616.505036198794
Tropics,SAT6,1078,FFSS_22.0_FOR,2754.987206985805,2810.0116996371125
Tropics,SAT6,1078,FFSS_22.0_FOR,20729.046224298847,20786.79570004492
Tropics,SAT6,1070,FFSS_22.0_FOR,14080.678472692785,14135.459489432087
Tropics,SAT6,1087,FFSS_22.0_FOR,9480.983384540057,9536.716819505338
Tropics,SAT6,1092,FFSS_22.0_FOR,3890.5708023500015,3946.334735729223
Tropics,SAT6,893,FFSS_22.0_FOR,21193.19983548671,21249.979397760962
Tropics,SAT6,1084,FFSS_22.0_FOR,15216.889964889942,15272.445659732439
Tropics,SAT6,952,FFSS_22.0_FOR,2523.005167582304,2579.4281648564333
Tropics,SAT6,960,FFSS_22.0_FOR,21207.698370361213,21264.60198171472
Tropics,SAT6,1015,FFSS_22.0_FOR,2520.7282910035296,2575.4919950691205
Tropics,SAT6,1034,FFSS_22.0_FOR,4020.3896372288527,4075.977173082202
Tropics,SAT6,1075,FFSS_22.0_FOR,8492.455432787605,8548.920767855769
Tropics,SAT6,1033,FFSS_22.0_FOR,3952.0638837694073,4007.866735518823
Tropics,SAT6,157,FFSS_22.0_FOR,11325.750645176924,11383.071146811395
Tropics,SAT6,115,FFSS_22.0_FOR,6652.9378313410625,6708.020343429438
Tropics,SAT6,1024,FFSS_22.0_FOR,15244.933339997575,15302.069399720809
Tropics,SAT6,1069,FFSS_22.0_FOR,14008.486520448516,14063.33376414127
Tropics,SAT6,1008,FFSS_22.0_FOR,13951.833557137785,14006.687575836728
Tropics,SAT6,947,FFSS_22.0_FOR,8151.665642207896,8206.466951430935
Tropics,SAT6,968,FFSS_22.0_FOR,9821.009034758432,9876.558519829776
Tropics,SAT6,963,FFSS_22.0_FOR,15450.565528308744,15505.993365376427
Tropics,SAT6,407,FFSS_22.0_FOR,16311.06810824123,16368.170653058007
Tropics,SAT6,835,FFSS_22.0_FOR,10012.212783536022,10067.630472563218
Tropics,SAT6,1066,FFSS_22.0_FOR,19743.57535783886,19798.268380971644
Tropics,SAT6,812,FFSS_22.0_FOR,2129.8763657641844,2185.5612480233563
Tropics,SAT6,151,FFSS_22.0_FOR,16841.552072195784,16897.6278918002
Tropics,SAT6,1020,FFSS_22.0_FOR,20927.27949039797,20984.07496773549
Tropics,SAT6,232,FFSS_22.0_FOR,18332.803844955204,18387.319435359703
Tropics,SAT6,1126,FFSS_22.0_FOR,19912.703607710795,19967.632211685075
Tropics,SAT6,52,FFSS_22.0_FOR,112.49224682779183,168.58731061734977
Tropics,SAT6,52,FFSS_22.0_FOR,12061.401996201972,12117.681438952879
Tropics,SAT6,105,FFSS_22.0_FOR,0.0,16.546898539720434
Tropics,SAT6,105,FFSS_22.0_FOR,5918.434762155464,5976.0725687206
Tropics,SAT6,105,FFSS_22.0_FOR,17865.12230808624,17920.26262194661
Tropics,SAT6,549,FFSS_22.0_FOR,16175.293370194137,16230.778592053162
Tropics,SAT6,437,FFSS_22.0_FOR,18659.650452308444,18713.496457585898
Tropics,SAT6,53,FFSS_22.0_FOR,191.83165897699558,248.79566140346617
Tropics,SAT6,53,FFSS_22.0_FOR,12140.965112438633,12196.349750827185
Tropics,SAT6,104,FFSS_22.0_FOR,5837.812806412292,5894.467687345718
Tropics,SAT6,104,FFSS_22.0_FOR,17787.373744808112,17843.00379952767
Tropics,SAT6,695,FFSS_22.0_FOR,10223.718886766375,10279.448236286978
Tropics,SAT6,518,FFSS_22.0_FOR,7397.287732580066,7451.383548368167
Tropics,SAT6,559,FFSS_22.0_FOR,4861.4695243802935,4918.033936332063
Tropics,SAT6,451,FFSS_22.0_FOR,1641.740210383498,1695.5784348267423
Tropics,SAT6,514,FFSS_22.0_FOR,13113.539312125611,13167.433245925156
Tropics,SAT6,738,FFSS_22.0_FOR,7825.197247056744,7881.074040739733
Tropics,SAT6,1144,FFSS_22.0_FOR,3467.364094214507,3524.806331713217
Tropics,SAT6,1144,FFSS_22.0_FOR,9427.492177067315,9483.65282569433
Tropics,SAT6,1133,FFSS_22.0_FOR,8541.963545355511,8596.842185956482
Tropics,SAT6,1133,FFSS_22.0_FOR,20485.403711063995,20542.809719192475
Tropics,SAT6,479,FFSS_22.0_FOR,16333.817298953427,16391.25791240193
Tropics,SAT6,592,FFSS_22.0_FOR,7558.16403559519,7612.145124236369
Tropics,SAT6,626,FFSS_22.0_FOR,10416.320587838045,10472.58079138661
Tropics,SAT6,1139,FFSS_22.0_FOR,3052.3695501804796,3109.0349237748696
Tropics,SAT6,1139,FFSS_22.0_FOR,14999.85225828456,15055.401816963422
Tropics,SAT6,302,FFSS_22.0_FOR,12739.102770370535,12793.341827183967
Tropics,SAT6,880,FFSS_22.0_FOR,8056.579291324613,8112.36939461347
Tropics,SAT6,903,FFSS_22.0_FOR,9916.982791606491,9972.269533797646
Tropics,SAT6,375,FFSS_22.0_FOR,7190.678164477226,7244.68170854405
Tropics,SAT6,803,FFSS_22.0_FOR,13487.419515003316,13542.431466057787
Tropics,SAT6,112,FFSS_22.0_FOR,12388.58932945069,12443.501631951845
Tropics,SAT6,171,FFSS_22.0_FOR,12406.986807467518,12463.579621193283
Tropics,SAT6,446,FFSS_22.0_FOR,7294.205945454883,7348.209552471643
Tropics,SAT6,508,FFSS_22.0_FOR,18710.11306552888,18765.381689812766
Tropics,SAT6,733,FFSS_22.0_FOR,13477.899906999373,13532.774914387901
Tropics,SAT6,160,FFSS_22.0_FOR,5588.225847243575,5644.234571102357
Tropics,SAT6,280,FFSS_22.0_FOR,10967.04813386705,11022.745340701997
Tropics,SAT6,241,FFSS_22.0_FOR,7008.475683667295,7063.432656452734
Tropics,SAT6,727,FFSS_22.0_FOR,19070.47430560967,19124.619607325945
Tropics,SAT6,771,FFSS_22.0_FOR,4495.965681933666,4551.371600098578
Tropics,SAT6,938,FFSS_22.0_FOR,19475.196542193135,19529.55941664185
Tropics,SAT6,221,FFSS_22.0_FOR,5430.449081332791,5486.273968261331
Tropics,SAT6,1140,FFSS_22.0_FOR,3133.931977401187,3191.6440770121694
Tropics,SAT6,1140,FFSS_22.0_FOR,9112.465969187802,9170.199792462367
Tropics,SAT6,1140,FFSS_22.0_FOR,15075.587216918917,15131.390049283875
Tropics,SAT6,173,FFSS_22.0_FOR,12545.576432442935,12600.49723086044
Tropics,SAT6,950,FFSS_22.0_FOR,2392.76848551635,2447.4241518395033
Tropics,SAT6,114,FFSS_22.0_FOR,6576.826079174135,6633.445079674024
Tropics,SAT6,220,FFSS_22.0_FOR,5362.575429110528,5418.528122729098
Tropics,SAT6,814,FFSS_22.0_FOR,2251.9769515469898,2307.0692510544804
Tropics,SAT6,158,FFSS_22.0_FOR,5444.507263609702,5502.097819314001
Tropics,SAT6,1080,FFSS_22.0_FOR,20879.960722654003,20935.45682930658
Tropics,SAT6,172,FFSS_22.0_FOR,12478.153833474678,12532.912012561103
Tropics,SAT6,222,FFSS_22.0_FOR,5500.085050934142,5557.754094679163
Tropics,SAT6,311,FFSS_22.0_FOR,1398.057009283246,1452.2554613028988
Tropics,SAT6,831,FFSS_22.0_FOR,15721.611460828955,15776.95321571669
Tropics,SAT6,939,FFSS_22.0_FOR,19540.973514501326,19597.48169611089
Tropics,SAT6,523,FFSS_22.0_FOR,1740.641182964604,1794.464955015874
Tropics,SAT6,342,FFSS_22.0_FOR,16578.88496746225,16625.8688415183
Tropics,SAT6,907,FFSS_22.0_FOR,4214.596390918671,4270.204548551032
Tropics,SAT6,235,FFSS_22.0_FOR,12572.611719316623,12628.054981832525
Tropics,SAT6,413,FFSS_22.0_FOR,10724.239559916285,10779.739250032402
Tropics,SAT6,841,FFSS_22.0_FOR,4423.85814262674,4480.785225619871
Tropics,SAT6,94,FFSS_22.0_FOR,16977.835106281804,17034.324518967307
Tropics,SAT6,98,FFSS_22.0_FOR,11330.075170767517,11386.18404830281
Tropics,SAT6,98,FFSS_22.0_FOR,17291.023546869037,17348.995451044826
Tropics,SAT6,59,FFSS_22.0_FOR,689.0331931513731,745.6878381064643
Tropics,SAT6,59,FFSS_22.0_FOR,6642.324338304542,6699.156383580533
Tropics,SAT6,344,FFSS_22.0_FOR,10750.445987211342,10807.724763900764
Tropics,SAT6,827,FFSS_22.0_FOR,21429.942206848908,21486.354443683755
Tropics,SAT6,279,FFSS_22.0_FOR,10902.297179596058,10958.314498752807
Tropics,SAT6,376,FFSS_22.0_FOR,7250.681711710392,7305.708856300555
Tropics,SAT6,804,FFSS_22.0_FOR,13548.44796764478,13602.335563421366
Tropics,SAT6,1085,FFSS_22.0_FOR,15286.315360887742,15343.463460781042
Tropics,SAT6,1083,FFSS_22.0_FOR,15143.650253268625,15199.500315791525
Tropics,SAT6,1073,FFSS_22.0_FOR,8345.368748736282,8400.111452062501
Tropics,SAT6,102,FFSS_22.0_FOR,5682.532718202247,5738.409850886396
Tropics,SAT6,102,FFSS_22.0_FOR,11645.779675288028,11704.020754798625
Tropics,SAT6,102,FFSS_22.0_FOR,17624.763392752175,17682.50196219459
Tropics,SAT6,519,FFSS_22.0_FOR,7456.496576853242,7510.73302519444
Tropics,SAT6,120,FFSS_22.0_FOR,1062.1805541099093,1117.288358185645
Tropics,SAT6,366,FFSS_22.0_FOR,18548.177760202634,18602.14876892316
Tropics,SAT6,379,FFSS_22.0_FOR,1480.590669463101,1535.4432884109824
Tropics,SAT6,1065,FFSS_22.0_FOR,19671.633273218264,19726.61752639906
Tropics,SAT6,1082,FFSS_22.0_FOR,15066.853103322135,15124.336575757368
Tropics,SAT6,152,FFSS_22.0_FOR,16913.85575824127,16969.677052097963
Tropics,SAT6,55,FFSS_22.0_FOR,6334.447507147997,6391.473548283295
Tropics,SAT6,55,FFSS_22.0_FOR,12291.220890519422,12347.384108250604
Tropics,SAT6,96,FFSS_22.0_FOR,17130.399417059663,17186.52445919666
Tropics,SAT6,1079,FFSS_22.0_FOR,2829.9171449849323,2886.6549373122416
Tropics,SAT6,1079,FFSS_22.0_FOR,20806.261996671954,20862.249345044114
Tropics,SAT6,61,FFSS_22.0_FOR,847.2409422121888,902.3687172811395
Tropics,SAT6,1077,FFSS_22.0_FOR,2682.280678092737,2736.949078718677
Tropics,SAT6,898,FFSS_22.0_FOR,15555.567386363291,15611.233648267591
Tropics,SAT6,156,FFSS_22.0_FOR,11251.023871744834,11306.927650869662
Tropics,SAT6,1089,FFSS_22.0_FOR,9622.698239719723,9680.209156591925
Tropics,SAT6,116,FFSS_22.0_FOR,6725.415157267405,6780.409492461538
Tropics,SAT6,303,FFSS_22.0_FOR,12801.132963001392,12856.00263610434
Tropics,SAT6,350,FFSS_22.0_FOR,5174.235446879731,5229.8842424791565
Tropics,SAT6,1199,FFSS_22.0_FOR,3613.5095327667723,3670.670501686147
Tropics,SAT6,554,FFSS_22.0_FOR,10518.405882731611,10574.326200307816
Tropics,SAT6,371,FFSS_22.0_FOR,12899.641672165604,12953.904390048769
Tropics,SAT6,799,FFSS_22.0_FOR,19196.70665882803,19250.665003866987
Tropics,SAT6,1185,FFSS_22.0_FOR,14352.624874371553,14408.301608795808
Tropics,SAT6,1185,FFSS_22.0_FOR,20302.620334100488,20358.008945121546
Tropics,SAT6,418,FFSS_22.0_FOR,5076.110009748467,5132.20756057396
Tropics,SAT6,44,FFSS_22.0_FOR,11465.149241902716,11522.295991914505
Tropics,SAT6,44,FFSS_22.0_FOR,17413.042311662593,17468.75532585811
Tropics,SAT6,306,FFSS_22.0_FOR,7036.344909467494,7091.26665549815
Tropics,SAT6,871,FFSS_22.0_FOR,19397.631048577685,19453.277524459503
Tropics,SAT6,6,FFSS_22.0_FOR,563.8479274162759,619.3929657382735
Tropics,SAT6,686,FFSS_22.0_FOR,21597.081718063517,21600.0
Tropics,SAT6,1125,FFSS_22.0_FOR,19836.989559009897,19892.113027436397
Tropics,SAT6,583,FFSS_22.0_FOR,18937.89784407152,18993.29401447361
Tropics,SAT6,1197,FFSS_22.0_FOR,3452.418035017257,3507.98186802558
Tropics,SAT6,153,FFSS_22.0_FOR,16988.29841531965,17045.386097255287
Tropics,SAT6,119,FFSS_22.0_FOR,990.1755937777885,1045.1519590434839
Tropics,SAT6,285,FFSS_22.0_FOR,5338.2409975456685,5395.052467487891
Tropics,SAT6,236,FFSS_22.0_FOR,12638.891965309716,12693.217179073188
Tropics,SAT6,967,FFSS_22.0_FOR,9755.793020493868,9811.587684960483
Tropics,SAT6,597,FFSS_22.0_FOR,1897.0795004513293,1951.3600614563652
Tropics,SAT6,621,FFSS_22.0_FOR,16077.399141034666,16133.223092516311
Tropics,SAT6,1182,FFSS_22.0_FOR,20052.33000143166,20107.802728291746
Tropics,SAT6,283,FFSS_22.0_FOR,5208.285186288851,5265.030511320374
Tropics,SAT6,659,FFSS_22.0_FOR,13288.458127408428,13342.548935539695
Tropics,SAT6,1187,FFSS_22.0_FOR,14517.702283061379,14572.981852143295
Tropics,SAT6,1187,FFSS_22.0_FOR,20470.27915866419,20525.832635671813
Tropics,SAT6,103,FFSS_22.0_FOR,5759.127485276706,5815.038898833362
Tropics,SAT6,103,FFSS_22.0_FOR,17707.035268266838,17763.678224415653
Tropics,SAT6,1128,FFSS_22.0_FOR,14115.054458724118,14171.076779380412
Tropics,SAT6,1128,FFSS_22.0_FOR,20070.37928581417,20127.05978522262
Tropics,SAT6,54,FFSS_22.0_FOR,273.0222865091398,330.9577746994508
Tropics,SAT6,54,FFSS_22.0_FOR,6251.67129724433,6309.73359982942
Tropics,SAT6,54,FFSS_22.0_FOR,12217.74501208658,12272.917796147383
Tropics,SAT6,558,FFSS_22.0_FOR,4802.369930229469,4857.611507806194
Tropics,SAT6,630,FFSS_22.0_FOR,4697.2477892549305,4752.449172127628
Tropics,SAT6,349,FFSS_22.0_FOR,5111.297735853942,5167.238218907068
Tropics,SAT6,869,FFSS_22.0_FOR,19271.889427721442,19327.049898214926
Tropics,SAT6,1030,FFSS_22.0_FOR,9701.822742690325,9757.556948065663
Tropics,SAT6,1003,FFSS_22.0_FOR,19565.463077784956,19619.84625958082
Tropics,SAT6,664,FFSS_22.0_FOR,7631.734065002709,7685.537309602095
Tropics,SAT6,1074,FFSS_22.0_FOR,8417.81560163303,8472.70745341932
Tropics,SAT6,1011,FFSS_22.0_FOR,8202.278868659076,8256.86736985908
Tropics,SAT6,51,FFSS_22.0_FOR,35.211343994959364,90.98651131993236
Tropics,SAT6,51,FFSS_22.0_FOR,11979.682460496495,12037.073078723572
Tropics,SAT6,51,FFSS_22.0_FOR,17939.723546075948,17995.403789706183
Tropics,SAT6,1148,FFSS_22.0_FOR,3779.0199155913665,3835.7034229032506
Tropics,SAT6,1016,FFSS_22.0_FOR,2588.2563768163677,2642.7928975780783
Tropics,SAT6,553,FFSS_22.0_FOR,10459.060339082032,10514.48099094907
Tropics,SAT6,106,FFSS_22.0_FOR,35.21134399495805,90.98651131993086
Tropics,SAT6,106,FFSS_22.0_FOR,11979.682460496493,12037.073078723572
Tropics,SAT6,106,FFSS_22.0_FOR,17939.723546075948,17995.403789706183
Tropics,SAT6,1067,FFSS_22.0_FOR,19817.644148498388,19873.606735064586
Tropics,SAT6,1129,FFSS_22.0_FOR,14189.3651169073,14244.300612637115
Tropics,SAT6,1129,FFSS_22.0_FOR,20151.976867320453,20209.699686067357
Tropics,SAT6,216,FFSS_22.0_FOR,11044.152519915828,11099.95123649426
Tropics,SAT6,1147,FFSS_22.0_FOR,3705.466964535052,3761.0621177817256
Tropics,SAT6,581,FFSS_22.0_FOR,18820.886911790036,18876.123162224583
Tropics,SAT6,1026,FFSS_22.0_FOR,15383.179646738628,15439.10981391046
Tropics,SAT6,1130,FFSS_22.0_FOR,14265.768735235255,14320.85144872165
Tropics,SAT6,1,FFSS_22.0_FOR,146.70511055154833,203.42982334208182
Tropics,SAT6,1,FFSS_22.0_FOR,6095.945975872159,6151.633474056994
Tropics,SAT6,1,FFSS_22.0_FOR,12046.420941755749,12102.28158683264
Tropics,SAT6,49,FFSS_22.0_FOR,5928.2430831354195,5984.117285197281
Tropics,SAT6,49,FFSS_22.0_FOR,11881.121570506635,11936.701153165084
Tropics,SAT6,365,FFSS_22.0_FOR,18485.85349085949,18541.140991766537
Tropics,SAT6,1002,FFSS_22.0_FOR,19498.725172614904,19554.69082025674
Tropics,SAT6,513,FFSS_22.0_FOR,13053.78112722498,13108.358931551424
Tropics,SAT6,1012,FFSS_22.0_FOR,8270.026736362168,8324.702270905362
Tropics,SAT6,341,FFSS_22.0_FOR,16515.26520146999,16570.8681285058
Tropics,SAT6,58,FFSS_22.0_FOR,606.7260689792902,664.4728991413333
Tropics,SAT6,58,FFSS_22.0_FOR,6570.016934168554,6625.348678720322
Tropics,SAT6,409,FFSS_22.0_FOR,16433.61618497674,16490.24891087338
Tropics,SAT6,99,FFSS_22.0_FOR,11405.9847541001,11461.786705555143
Tropics,SAT6,312,FFSS_22.0_FOR,1459.934263893871,1514.9000970097788
Tropics,SAT6,625,FFSS_22.0_FOR,10358.10689707704,10413.362051432538
Tropics,SAT6,1124,FFSS_22.0_FOR,19763.333572773256,19820.063250860527
Tropics,SAT6,380,FFSS_22.0_FOR,1542.3916762817603,1596.4256724443464
Tropics,SAT6,808,FFSS_22.0_FOR,7839.225727128551,7893.431750414254
Tropics,SAT6,159,FFSS_22.0_FOR,5515.415296159628,5571.249029900837
Tropics,SAT6,113,FFSS_22.0_FOR,12457.692953148096,12514.231715740118
Tropics,SAT6,212,FFSS_22.0_FOR,16725.757548004796,16781.450863802176
Tropics,SAT6,1131,FFSS_22.0_FOR,14344.273644057503,14400.21531617133
Tropics,SAT6,483,FFSS_22.0_FOR,10621.176577766246,10676.846682436793
Tropics,SAT6,770,FFSS_22.0_FOR,4435.239103224427,4491.10951156999
Tropics,SAT6,761,FFSS_22.0_FOR,15801.038710926287,15856.380293310107
Tropics,SAT6,1088,FFSS_22.0_FOR,9553.760114627326,9609.404613440509
Tropics,SAT6,182,FFSS_22.0_FOR,1247.4642370424174,1272.1584168065813
Tropics,SAT6,244,FFSS_22.0_FOR,1249.8015807449956,1304.6331058459991
Tropics,SAT6,941,FFSS_22.0_FOR,13716.713181436256,13772.017517275164
Tropics,SAT6,281,FFSS_22.0_FOR,11033.039057665988,11090.810446871616
Tropics,SAT6,1146,FFSS_22.0_FOR,3628.6387289673517,3684.3350299392714
Tropics,SAT6,240,FFSS_22.0_FOR,6944.560067063716,6998.995495811071
Tropics,SAT6,937,FFSS_22.0_FOR,19410.668302658905,19465.271292653786
Tropics,SAT6,211,FFSS_22.0_FOR,16658.866427398476,16716.38090937822
Tropics,SAT6,447,FFSS_22.0_FOR,7353.882139268187,7408.458553701702
Tropics,SAT6,1028,FFSS_22.0_FOR,9562.512613887746,9620.019926867957
Tropics,SAT6,231,FFSS_22.0_FOR,18267.765709389434,18322.564295279717
Tropics,SAT6,1007,FFSS_22.0_FOR,13883.856663232327,13938.318764625265
Tropics,SAT6,4,FFSS_22.0_FOR,395.1662596528173,450.86583434698156
Tropics,SAT6,4,FFSS_22.0_FOR,6346.7866457506,6402.478548179811
Tropics,SAT6,46,FFSS_22.0_FOR,11628.528702768384,11684.334686949771
Tropics,SAT6,46,FFSS_22.0_FOR,17581.71494847256,17637.273642741788
Tropics,SAT6,1032,FFSS_22.0_FOR,3880.017722163203,3937.927472024839
Tropics,SAT6,1192,FFSS_22.0_FOR,3034.4811862248225,3089.97843832922
Tropics,SAT6,1192,FFSS_22.0_FOR,8985.48113440595,9040.897629151017
Tropics,SAT6,1192,FFSS_22.0_FOR,14932.56925442286,14989.242214066006
Tropics,SAT6,655,FFSS_22.0_FOR,19004.663017178307,19058.506372411022
Tropics,SAT6,276,FFSS_22.0_FOR,16661.509218177103,16717.67002911013
Tropics,SAT6,973,FFSS_22.0_FOR,4189.937482256631,4246.767883507973
Tropics,SAT6,100,FFSS_22.0_FOR,11483.999631047913,11540.36973581666
Tropics,SAT6,245,FFSS_22.0_FOR,1314.943021357612,1369.420427693075
Tropics,SAT6,591,FFSS_22.0_FOR,7499.528112730361,7553.8151861837
Tropics,SAT6,942,FFSS_22.0_FOR,13780.935268278798,13835.094797556669
Tropics,SAT6,7,FFSS_22.0_FOR,646.893451117164,702.4834082184904
Tropics,SAT6,161,FFSS_22.0_FOR,5663.239469039638,5720.806962186063
Tropics,SAT6,111,FFSS_22.0_FOR,12315.64316352452,12370.8540611912
Tropics,SAT6,57,FFSS_22.0_FOR,6494.260483932131,6549.472339744331
Tropics,SAT6,902,FFSS_22.0_FOR,9852.314198381713,9908.971983700352
Tropics,SAT6,958,FFSS_22.0_FOR,21078.56241481769,21134.920250736188
Tropics,SAT6,962,FFSS_22.0_FOR,15382.960088979624,15440.189808100058
Tropics,SAT6,441,FFSS_22.0_FOR,12946.388827391076,13000.883335746841
Tropics,SAT6,582,FFSS_22.0_FOR,18880.18159902094,18933.906166100187
Tropics,SAT6,728,FFSS_22.0_FOR,19130.59156594456,19184.782855110905
Tropics,SAT6,450,FFSS_22.0_FOR,1580.2763178118455,1635.6722126698446
Tropics,SAT6,737,FFSS_22.0_FOR,7765.337867541298,7819.152675761249
Tropics,SAT6,301,FFSS_22.0_FOR,12673.662673289786,12730.023647799751
Tropics,SAT6,47,FFSS_22.0_FOR,5766.035148539952,5823.749091587249
Tropics,SAT6,47,FFSS_22.0_FOR,11712.310063068306,11768.032693617639
Tropics,SAT6,47,FFSS_22.0_FOR,17664.728599418562,17720.337652674316
Tropics,SAT6,3,FFSS_22.0_FOR,311.10547752956825,366.8610335307886
Tropics,SAT6,3,FFSS_22.0_FOR,6264.31669933355,6319.854444374229
Tropics,SAT6,767,FFSS_22.0_FOR,10207.674780820083,10264.589777610632
Tropics,SAT6,825,FFSS_22.0_FOR,21306.74454577326,21363.83684649591
Tropics,SAT6,0,FFSS_22.0_FOR,6011.655930961033,6067.390168888874
Tropics,SAT6,0,FFSS_22.0_FOR,11964.62117896267,12020.175848693554
Tropics,SAT6,307,FFSS_22.0_FOR,7099.965768753979,7154.169525534187
Tropics,SAT6,298,FFSS_22.0_FOR,18441.086129092986,18495.267060546772
Tropics,SAT6,895,FFSS_22.0_FOR,21319.51024660025,21376.118684541194
Tropics,SAT6,118,FFSS_22.0_FOR,914.5014124866618,970.8632619906143
Tropics,SAT6,50,FFSS_22.0_FOR,6011.655930961031,6067.390168888872
Tropics,SAT6,50,FFSS_22.0_FOR,11964.62117896267,12020.175848693556
Tropics,SAT6,346,FFSS_22.0_FOR,10876.446801398028,10932.93365895232
Tropics,SAT6,374,FFSS_22.0_FOR,7127.656742628948,7183.614362786097
Tropics,SAT6,1090,FFSS_22.0_FOR,3742.3183069456077,3799.307853852934
Tropics,SAT6,1072,FFSS_22.0_FOR,8319.558526370465,8331.368357059013
Tropics,SAT6,883,FFSS_22.0_FOR,2291.4987708076073,2345.642134402098
Tropics,SAT6,41,FFSS_22.0_FOR,17164.488385520865,17221.199936807763
Tropics,SAT6,1184,FFSS,20218.316662199828,20273.621728347804
Tropics,SAT6,669,FFSS,1974.9285362281123,2028.6567471639617
Tropics,SAT6,1191,FFSS,14852.389035689024,14908.182882265095
Tropics,SAT6,946,FFSS,8086.7998044199585,8141.05191328182
Tropics,SAT6,1196,FFSS,3368.9838165463916,3424.4350194827375
Tropics,SAT6,1190,FFSS,8817.191970387414,8872.45695252158
Tropics,SAT6,1190,FFSS,14769.999433620906,14825.497788670478
Tropics,SAT6,1136,FFSS,20723.319212501345,20778.90989305015
Tropics,SAT6,1188,FFSS,14601.851679095309,14657.220457535073
Tropics,SAT6,813,FFSS,2190.980577130583,2244.8543273438977
Tropics,SAT6,1194,FFSS,3200.4175938731587,3255.7343523180757
Tropics,SAT6,1194,FFSS,9152.516650940732,9208.170179165629
Tropics,SAT6,417,FFSS,5014.912102523917,5070.378632137475
Tropics,SAT6,487,FFSS,4908.3936474872635,4963.719860869645
Tropics,SAT6,691,FFSS,15940.302756443098,15995.53969940937
Tropics,SAT6,1142,FFSS,9275.040116240021,9330.932801129236
Tropics,SAT6,840,FFSS,4364.233211349065,4419.477311354322
Tropics,SAT6,1183,FFSS,20134.68963849226,20189.944144485205
Tropics,SAT6,43,FFSS,17328.961643382816,17384.729129954685
Tropics,SAT6,1135,FFSS,20646.568503639555,20702.238112326148
Tropics,SAT6,176,FFSS,6796.2301359776675,6851.134303034001
Tropics,SAT6,620,FFSS,16018.90567139279,16074.329347500934
Tropics,SAT6,587,FFSS,13219.199225706283,13272.994970214122
Tropics,SAT6,95,FFSS,17053.065514985385,17108.85000460171
Tropics,SAT6,107,FFSS,17984.959375543447,18033.65299901739
Tropics,SAT6,165,FFSS,17984.959375544204,18033.65299901739
Tropics,SAT6,700,FFSS,4567.21654146389,4622.577066527409
Tropics,SAT6,696,FFSS,10283.390963812983,10338.875122068615
Tropics,SAT6,442,FFSS,13006.891913141453,13060.934876056699
Tropics,SAT6,168,FFSS,18160.001421428344,18214.654102258497
Tropics,SAT6,951,FFSS,2457.2701941005876,2511.6110603306392
Tropics,SAT6,1189,FFSS,8734.372101118206,8789.73508210989
Tropics,SAT6,1189,FFSS,14686.211744863544,14741.638596079352
Tropics,SAT6,1195,FFSS,3284.7159426544126,3340.117830031897
Tropics,SAT6,1186,FFSS,14434.447214111233,14489.734315626964
Tropics,SAT6,1186,FFSS,20386.87562485473,20442.313408234142
Tropics,SAT6,177,FFSS,6864.187566316085,6918.941825157061
Tropics,SAT6,108,FFSS,18051.70288584828,18106.563382442433
Tropics,SAT6,1134,FFSS,8619.05806806222,8674.370131686483
Tropics,SAT6,1193,FFSS,3116.8093535477196,3172.0790700607527
Tropics,SAT6,345,FFSS,10813.232933198191,10868.677731668793
Tropics,SAT6,826,FFSS,21369.847758809618,21425.10456146224
Tropics,SAT6,1143,FFSS,9352.824425406261,9408.34328567001
Tropics,SAT6,408,FFSS,16372.390086922836,16427.7399039737
Tropics,SAT6,5,FFSS,479.6659779142696,535.3000032543151
Tropics,SAT6,879,FFSS,7993.390358431742,8047.411829815287
Tropics,SAT6,45,FFSS,17497.5463558927,17553.19320013454
Tropics,SAT6,48,FFSS,11796.74941165774,11852.41934177537
Tropics,SAT6,2,FFSS,228.12360921176835,284.1095538086976
Tropics,SAT6,596,FFSS,1838.7445463589552,1892.7286261239656
Tropics,SAT6,1025,FFSS,15315.923642668864,15371.44341104638
Tropics,SAT6,181,FFSS,1182.7226071113748,1237.358786743307
Tropics,SAT6,478,FFSS,16273.742428513127,16329.068571096777
Tropics,SAT6,509,FFSS,18770.45359432573,18824.217977290966
Tropics,SAT6,1029,FFSS,9634.031925167748,9689.67262038324
Tropics,SAT6,959,FFSS,21144.911816440304,21200.25952301287
Tropics,SAT6,284,FFSS,5272.733153239536,5328.249089881173
Tropics,SAT6,732,FFSS,13417.941910438967,13471.755844654712
Tropics,SAT6,742,FFSS,2112.6811300501495,2161.1127362290176
Tropics,SAT6,1091,FFSS,3818.2607954992404,3873.8997013649782
Tropics,SAT6,275,FFSS,16596.391741408337,16652.007781034885
Tropics,SAT6,972,FFSS,4127.046922653053,4182.400644898147
Tropics,SAT6,155,FFSS,11178.469177226734,11234.408535144947
Tropics,SAT6,60,FFSS,769.4246733280281,825.0598316060115
Tropics,SAT6,1021,FFSS,20997.73923280983,21053.17789377001
Tropics,SAT6,42,FFSS,17245.947522355425,17301.937427273566
Tropics,SAT6,757,FFSS,21513.80203530357,21569.238572796272
Tropics,SAT6,894,FFSS,21258.02919586563,21313.312597938544
Tropics,SAT6,874,FFSS,13632.601605178059,13686.788985316254
Tropics,SAT6,1137,FFSS,2894.7874696606873,2949.7197597239583
Tropics,SAT6,870,FFSS,19334.483168974974,19388.484909883395
Tropics,SAT6,1078,FFSS,2754.987249064061,2810.0121136445755
Tropics,SAT6,1070,FFSS,14080.678472737009,14135.45944425522
Tropics,SAT6,1087,FFSS,9480.98338461109,9536.716930147797
Tropics,SAT6,1092,FFSS,3890.5708023500524,3936.657766882062
Tropics,SAT6,1084,FFSS,15216.889930210944,15272.445630483662
Tropics,SAT6,1034,FFSS,4020.3896349162133,4075.977353219422
Tropics,SAT6,1033,FFSS,3952.0640048718587,4007.8665111222454
Tropics,SAT6,115,FFSS,6652.937831403393,6708.019750542525
Tropics,SAT6,968,FFSS,9821.009034559647,9876.558519830298
Tropics,SAT6,963,FFSS,15450.56553340621,15505.993365144679
Tropics,SAT6,835,FFSS,10012.212841367567,10067.63047256302
Tropics,SAT6,1066,FFSS,19743.575357732865,19798.26877618069
Tropics,SAT6,232,FFSS,18332.803390270215,18387.319247959025
Tropics,SAT6,1126,FFSS,19912.703607710795,19967.63211664388
Tropics,SAT6,52,FFSS,112.49223853472984,168.58731061553914
Tropics,SAT6,105,FFSS,17865.12230812618,17920.262959105552
Tropics,SAT6,549,FFSS,16175.293369388553,16230.778741311251
Tropics,SAT6,437,FFSS,18659.650452308444,18713.496457595946
Tropics,SAT6,53,FFSS,12140.965113533088,12196.349933898025
Tropics,SAT6,104,FFSS,17787.37378922548,17843.00379953046
Tropics,SAT6,518,FFSS,7397.2877325800455,7451.383544597176
Tropics,SAT6,451,FFSS,1641.7402048435854,1695.5784348268357
Tropics,SAT6,514,FFSS,13113.539312192515,13167.433245440403
Tropics,SAT6,1133,FFSS,8541.963721072705,8596.842185943722
Tropics,SAT6,592,FFSS,7558.164035662594,7612.145055637852
Tropics,SAT6,1139,FFSS,14999.852252935294,15055.401935488298
Tropics,SAT6,302,FFSS,12739.103000038072,12793.341812386845
Tropics,SAT6,903,FFSS,9916.982959890966,9972.269533797646
Tropics,SAT6,375,FFSS,7190.678164441182,7244.68170851214
Tropics,SAT6,112,FFSS,12388.589331612831,12443.501631636429
Tropics,SAT6,446,FFSS,7294.205945445487,7348.209552482792
Tropics,SAT6,160,FFSS,5588.225869517977,5644.234617467898
Tropics,SAT6,280,FFSS,10967.048133754814,11022.745431568825
Tropics,SAT6,771,FFSS,4495.965681998092,4551.371600097805
Tropics,SAT6,938,FFSS,19475.19555226638,19529.55883822959
Tropics,SAT6,221,FFSS,5430.4490813333105,5486.274092721745
Tropics,SAT6,1140,FFSS,15075.587163651333,15117.208982394535
Tropics,SAT6,1080,FFSS,20879.960722679112,20935.456833387107
Tropics,SAT6,172,FFSS,12478.153833483175,12532.912012560568
Tropics,SAT6,311,FFSS,1398.0569121978708,1452.2554595801307
Tropics,SAT6,831,FFSS,15721.611460881333,15776.953430663367
Tropics,SAT6,523,FFSS,1740.6406725376696,1794.4649460966866
Tropics,SAT6,907,FFSS,4214.595814466063,4270.204548546647
Tropics,SAT6,413,FFSS,10724.239559950243,10779.73940162616
Tropics,SAT6,804,FFSS,13548.44719551949,13602.335563432813
Tropics,SAT6,1083,FFSS,15143.649882627727,15199.500315491243
Tropics,SAT6,1073,FFSS,8345.368737548237,8400.111452062523
Tropics,SAT6,102,FFSS,5682.532718274799,5738.409778877404
Tropics,SAT6,366,FFSS,18548.177760202634,18602.14876892977
Tropics,SAT6,152,FFSS,16913.85575829109,16969.677116177507
Tropics,SAT6,96,FFSS,17130.399413316107,17186.5244870914
Tropics,SAT6,61,FFSS,847.2409133828689,902.3691154667041
Tropics,SAT6,1077,FFSS,2682.2806763468943,2736.9490787176
Tropics,SAT6,898,FFSS,15555.56738529622,15611.23372813191
Tropics,SAT6,156,FFSS,11251.023871741867,11306.92770480744
Tropics,SAT6,116,FFSS,6725.415157270746,6780.409797228016
Tropics,SAT6,350,FFSS,5174.235446950616,5229.884242475593
Tropics,SAT6,799,FFSS,19196.706658722283,19250.66500386521
Tropics,SAT6,1185,FFSS,20302.620334096388,20358.008945120968
Tropics,SAT6,44,FFSS,17413.042311631434,17468.755325862105
Tropics,SAT6,6,FFSS,563.8479154164089,619.3931783689463
Tropics,SAT6,686,FFSS,21597.081709006223,21600.0
Tropics,SAT6,1197,FFSS,3452.4182469110997,3507.982045810034
Tropics,SAT6,119,FFSS,990.1749435385877,1045.152357711334
Tropics,SAT6,236,FFSS,12638.892108605034,12693.217179073612
Tropics,SAT6,967,FFSS,9786.147014207576,9811.587679089154
Tropics,SAT6,1187,FFSS,14517.702283061379,14572.982098409304
Tropics,SAT6,1187,FFSS,20470.279158666828,20525.832753410832
Tropics,SAT6,103,FFSS,5759.127522904887,5815.038965909198
Tropics,SAT6,54,FFSS,12217.74501052348,12272.917722645538
Tropics,SAT6,558,FFSS,4802.3701730121,4857.611507804948
Tropics,SAT6,630,FFSS,4697.247789228674,4752.449172127747
Tropics,SAT6,1003,FFSS,19565.46307779763,19619.846240877527
Tropics,SAT6,664,FFSS,7631.73406458912,7685.5373096068415
Tropics,SAT6,1074,FFSS,8417.815582476194,8472.707452936458
Tropics,SAT6,1011,FFSS,8202.278864116386,8256.867369787216
Tropics,SAT6,51,FFSS,35.21129407899539,90.98666124193878
Tropics,SAT6,1016,FFSS,2588.2563445597257,2642.792763420914
Tropics,SAT6,553,FFSS,10459.060337720248,10514.481162062903
Tropics,SAT6,106,FFSS,35.21129407899397,90.98666124193716
Tropics,SAT6,1129,FFSS,14189.365017201462,14244.300997499598
Tropics,SAT6,216,FFSS,11044.152519901609,11099.951353398299
Tropics,SAT6,1147,FFSS,3705.4669645789772,3761.0621018668044
Tropics,SAT6,1130,FFSS,14265.768818146676,14320.85171132071
Tropics,SAT6,1,FFSS,6095.945974948651,6151.633474056988
Tropics,SAT6,49,FFSS,5928.243105901888,5984.117244991897
Tropics,SAT6,49,FFSS,11881.121570506964,11936.701163174714
Tropics,SAT6,1012,FFSS,8270.026484275868,8324.70224804663
Tropics,SAT6,341,FFSS,16515.265201520062,16570.868093789923
Tropics,SAT6,58,FFSS,6570.0169341105075,6621.574450138434
Tropics,SAT6,99,FFSS,11405.9847541001,11461.786767442087
Tropics,SAT6,625,FFSS,10358.106897076987,10413.362284816783
Tropics,SAT6,380,FFSS,1542.3914014538595,1596.4252545375634
Tropics,SAT6,159,FFSS,5515.414818076225,5571.24911860924
Tropics,SAT6,212,FFSS,16725.75754800466,16781.45084240752
Tropics,SAT6,483,FFSS,10621.176473321208,10663.514241067991
Tropics,SAT6,761,FFSS,15801.038934638094,15856.380271708937
Tropics,SAT6,1088,FFSS,9553.76011591046,9609.40473007414
Tropics,SAT6,240,FFSS,6944.560066688942,6998.995488708685
Tropics,SAT6,231,FFSS,18286.40001803454,18322.564295270335
Tropics,SAT6,1007,FFSS,13883.856658942348,13938.318752067593
Tropics,SAT6,4,FFSS,395.1662593967656,450.86583434698025
Tropics,SAT6,4,FFSS,6346.786645887898,6402.478642045163
Tropics,SAT6,46,FFSS,11628.52827479422,11684.334686343867
Tropics,SAT6,46,FFSS,17581.71494847609,17637.273642739816
Tropics,SAT6,1192,FFSS,8985.48113248704,9040.897413603334
Tropics,SAT6,655,FFSS,19004.662972182556,19058.506372422347
Tropics,SAT6,245,FFSS,1314.9430211694798,1369.4204119369113
Tropics,SAT6,942,FFSS,13780.935268278798,13835.094797556669
Tropics,SAT6,7,FFSS,646.8934503206789,702.4834075363466
Tropics,SAT6,111,FFSS,12315.643160058358,12370.85406118834
Tropics,SAT6,57,FFSS,6494.260489889817,6549.472339743292
Tropics,SAT6,737,FFSS,7765.337873578037,7819.152675463886
Tropics,SAT6,47,FFSS,11712.310023242599,11768.032693617633
Tropics,SAT6,47,FFSS,17664.728582636046,17720.33770464533
Tropics,SAT6,3,FFSS,311.10545482156874,366.8611508338837
Tropics,SAT6,3,FFSS,6264.316699369585,6319.85444417565
Tropics,SAT6,0,FFSS,6011.655930954115,6067.390313408817
Tropics,SAT6,0,FFSS,11964.621178959915,12020.1760140264
Tropics,SAT6,307,FFSS,7099.965546372101,7154.169525535457
Tropics,SAT6,298,FFSS,18441.086129117677,18495.267060548704
Tropics,SAT6,50,FFSS,6011.6559309541135,6067.390313408814
Tropics,SAT6,50,FFSS,11964.621178959917,12020.176014026396
Tropics,SAT6,883,FFSS,2291.4987708139806,2345.6420948178193
Tropics,GEO1,616,GEO1_comms,12781.003964743482,13898.666551212165
Tropics,GEO1,614,GEO1_comms,4197.247237988523,5319.42596444415
Tropics,GEO1,615,GEO1_comms,8490.158226259044,9607.924605700226
Tropics,GEO1,617,GEO1_comms,17069.58131594599,18191.512143345113
Tropics,GEO1,613,GEO1_comms,0.0,1031.9343437930565
Tropics,GEO1,618,GEO1_comms,21357.078809681952,21600.0
Tropics,SAT10,33,FFSS_22.0_FOR,4167.177941760084,4221.836190038781
Tropics,SAT10,33,FFSS_22.0_FOR,10108.992501189034,10163.773253747237
Tropics,SAT10,670,FFSS_22.0_FOR,8323.751626632058,8377.929732747447
Tropics,SAT10,419,FFSS_22.0_FOR,5249.732724743495,5304.494001779302
Tropics,SAT10,24,FFSS_22.0_FOR,15300.041559122474,15354.964067099141
Tropics,SAT10,24,FFSS_22.0_FOR,21241.343326793365,21296.0050193291
Tropics,SAT10,249,FFSS_22.0_FOR,20427.24458484019,20482.42862114999
Tropics,SAT10,29,FFSS_22.0_FOR,9774.499314316221,9829.135655464388
Tropics,SAT10,29,FFSS_22.0_FOR,15717.544609649285,15772.181744176944
Tropics,SAT10,81,FFSS_22.0_FOR,9608.813308064653,9664.393294399008
Tropics,SAT10,81,FFSS_22.0_FOR,21538.330779918466,21593.21353279618
Tropics,SAT10,393,FFSS_22.0_FOR,3140.696835641882,3194.4720512777008
Tropics,SAT10,23,FFSS_22.0_FOR,15219.572547884169,15275.42096614678
Tropics,SAT10,23,FFSS_22.0_FOR,21157.046326097894,21211.70594735101
Tropics,SAT10,76,FFSS_22.0_FOR,15167.880498121149,15222.42380541324
Tropics,SAT10,21,FFSS_22.0_FOR,20990.548914528095,21045.329646596478
Tropics,SAT10,383,FFSS_22.0_FOR,14418.583394449342,14473.21245365825
Tropics,SAT10,811,FFSS_22.0_FOR,8130.9800803394155,8184.75689984238
Tropics,SAT10,392,FFSS_22.0_FOR,3079.7938417348973,3134.9690325001393
Tropics,SAT10,385,FFSS_22.0_FOR,14540.368836330614,14590.172699981016
Tropics,SAT10,27,FFSS_22.0_FOR,9609.729951154304,9664.867018798857
Tropics,SAT10,27,FFSS_22.0_FOR,15549.945343265987,15604.61319901738
Tropics,SAT10,27,FFSS_22.0_FOR,21489.31417059336,21544.485039773022
Tropics,SAT10,36,FFSS_22.0_FOR,4418.446995436742,4473.132560317897
Tropics,SAT10,454,FFSS_22.0_FOR,14401.785626092329,14456.594794327944
Tropics,SAT10,741,FFSS_22.0_FOR,8227.531913307614,8281.396113697225
Tropics,SAT10,1181,FFSS_22.0_FOR,1694.0193164622658,1749.545057959342
Tropics,SAT10,782,FFSS_22.0_FOR,5847.04904562527,5900.673325329145
Tropics,SAT10,845,FFSS_22.0_FOR,17359.738965471533,17415.044291251397
Tropics,SAT10,594,FFSS_22.0_FOR,14070.598477243193,14125.892477153815
Tropics,SAT10,462,FFSS_22.0_FOR,2995.343257358613,3049.4379896930604
Tropics,SAT10,453,FFSS_22.0_FOR,14341.982529062827,14395.719780043386
Tropics,SAT10,487,FFSS_22.0_FOR,11079.421195537789,11133.003661660088
Tropics,SAT10,774,FFSS_22.0_FOR,17253.289847350246,17309.03609460649
Tropics,SAT10,282,FFSS_22.0_FOR,5040.280910192096,5094.397630581495
Tropics,SAT10,979,FFSS_22.0_FOR,17487.73212460851,17542.240614658964
Tropics,SAT10,459,FFSS_22.0_FOR,8758.37923229236,8814.22223463236
Tropics,SAT10,746,FFSS_22.0_FOR,2584.365713953223,2638.062702172526
Tropics,SAT10,82,FFSS_22.0_FOR,3740.854178043786,3795.8718125912737
Tropics,SAT10,82,FFSS_22.0_FOR,9689.281238238184,9745.943423684117
Tropics,SAT10,85,FFSS_22.0_FOR,3972.133597155988,4028.0689681013187
Tropics,SAT10,85,FFSS_22.0_FOR,15901.19253217338,15955.838861884351
Tropics,SAT10,919,FFSS_22.0_FOR,11826.263414247593,11882.141274276037
Tropics,SAT10,75,FFSS_22.0_FOR,15092.183206480267,15146.868493048822
Tropics,SAT10,75,FFSS_22.0_FOR,21043.090701598652,21100.09621975558
Tropics,SAT10,1043,FFSS_22.0_FOR,17638.3113816548,17692.476486641892
Tropics,SAT10,72,FFSS_22.0_FOR,20805.698794241307,20860.170261252035
Tropics,SAT10,999,FFSS_22.0_FOR,19068.9178384339,19123.2336044366
Tropics,SAT10,218,FFSS_22.0_FOR,5020.744230095375,5076.683791053876
Tropics,SAT10,1000,FFSS_22.0_FOR,19136.052724429872,19190.601669181004
Tropics,SAT10,1177,FFSS_22.0_FOR,1363.3563446858623,1418.0186956172226
Tropics,SAT10,1177,FFSS_22.0_FOR,7304.104636029178,7359.071344945243
Tropics,SAT10,449,FFSS_22.0_FOR,20045.179927446403,20099.289424986404
Tropics,SAT10,736,FFSS_22.0_FOR,13870.40113419347,13924.774274787358
Tropics,SAT10,463,FFSS_22.0_FOR,3055.317211323108,3109.411585150492
Tropics,SAT10,313,FFSS_22.0_FOR,20270.72367235445,20324.87860403313
Tropics,SAT10,1107,FFSS_22.0_FOR,12132.262370554172,12186.496208383534
Tropics,SAT10,457,FFSS_22.0_FOR,8638.471478981099,8693.273911670974
Tropics,SAT10,714,FFSS_22.0_FOR,27.439029443777606,82.38616487359123
Tropics,SAT10,340,FFSS_22.0_FOR,16434.725300682934,16490.535701715078
Tropics,SAT10,993,FFSS_22.0_FOR,621.7548131334336,676.4101394531472
Tropics,SAT10,317,FFSS_22.0_FOR,14578.179741718592,14632.054006147873
Tropics,SAT10,1048,FFSS_22.0_FOR,12033.680903324688,12088.06233890713
Tropics,SAT10,781,FFSS_22.0_FOR,5838.2141114561555,5842.330466737959
Tropics,SAT10,994,FFSS_22.0_FOR,688.9196483586464,743.0624792095368
Tropics,SAT10,1052,FFSS_22.0_FOR,6407.372411141136,6462.453312740126
Tropics,SAT10,590,FFSS_22.0_FOR,19781.416331174976,19835.125783438347
Tropics,SAT10,628,FFSS_22.0_FOR,16926.23723939479,16980.362217793718
Tropics,SAT10,1110,FFSS_22.0_FOR,6407.372411141136,6462.453312740698
Tropics,SAT10,1179,FFSS_22.0_FOR,1531.406143720318,1586.0423473078968
Tropics,SAT10,38,FFSS_22.0_FOR,4577.805295563007,4634.299322072633
Tropics,SAT10,556,FFSS_22.0_FOR,16912.685231851192,16967.958168470177
Tropics,SAT10,700,FFSS_22.0_FOR,17029.366681565287,17083.74759498864
Tropics,SAT10,665,FFSS_22.0_FOR,13970.849612138687,14025.623287878372
Tropics,SAT10,1049,FFSS_22.0_FOR,12103.064226125898,12159.49083185071
Tropics,SAT10,1122,FFSS_22.0_FOR,7326.656556204418,7382.212259527108
Tropics,SAT10,661,FFSS_22.0_FOR,19678.269385459025,19731.936119989437
Tropics,SAT10,488,FFSS_22.0_FOR,11138.119639380906,11193.3466605861
Tropics,SAT10,486,FFSS_22.0_FOR,11018.15067837124,11073.271500658711
Tropics,SAT10,773,FFSS_22.0_FOR,17193.60621550673,17247.237655942994
Tropics,SAT10,991,FFSS_22.0_FOR,6430.397652569689,6486.448906452936
Tropics,SAT10,1109,FFSS_22.0_FOR,12280.491121380619,12290.787274145501
Tropics,SAT10,1051,FFSS_22.0_FOR,6293.916108906867,6348.3626151798935
Tropics,SAT10,731,FFSS_22.0_FOR,19512.957412137985,19568.176594625016
Tropics,SAT10,918,FFSS_22.0_FOR,11763.16371020643,11817.016873639132
Tropics,SAT10,321,FFSS_22.0_FOR,8885.742454868441,8939.965507481767
Tropics,SAT10,705,FFSS_22.0_FOR,11382.039867132613,11435.914366070005
Tropics,SAT10,875,FFSS_22.0_FOR,13684.714065252296,13738.589324300407
Tropics,SAT10,326,FFSS_22.0_FOR,3255.774812817209,3309.6501928686375
Tropics,SAT10,22,FFSS_22.0_FOR,21073.23534763127,21127.871250421176
Tropics,SAT10,1054,FFSS_22.0_FOR,6551.838116098816,6606.948061530472
Tropics,SAT10,1108,FFSS_22.0_FOR,12205.235570647872,12260.15155836902
Tropics,SAT10,1180,FFSS_22.0_FOR,1613.8027701180167,1668.611275646647
Tropics,SAT10,37,FFSS_22.0_FOR,4499.474424764345,4554.638588355663
Tropics,SAT10,274,FFSS_22.0_FOR,16409.996783611623,16463.986303551694
Tropics,SAT10,28,FFSS_22.0_FOR,9691.381963212836,9746.077512064356
Tropics,SAT10,28,FFSS_22.0_FOR,15634.151837793794,15688.784469465438
Tropics,SAT10,28,FFSS_22.0_FOR,21567.62454945627,21600.0
Tropics,SAT10,136,FFSS_22.0_FOR,9378.717314696163,9433.792347156028
Tropics,SAT10,595,FFSS_22.0_FOR,14129.826999468434,14183.463242625317
Tropics,SAT10,31,FFSS_22.0_FOR,4000.6960018073833,4055.477437813385
Tropics,SAT10,31,FFSS_22.0_FOR,15878.590746963913,15934.522813027656
Tropics,SAT10,247,FFSS_22.0_FOR,20298.209298698628,20353.579885345775
Tropics,SAT10,944,FFSS_22.0_FOR,7849.540879830476,7904.218897750847
Tropics,SAT10,252,FFSS_22.0_FOR,14677.503365381875,14731.659297678785
Tropics,SAT10,949,FFSS_22.0_FOR,2230.2055273492197,2284.211551030125
Tropics,SAT10,217,FFSS_22.0_FOR,4956.100145066796,5010.229767365153
Tropics,SAT10,1053,FFSS_22.0_FOR,6478.579493627688,6532.812495619918
Tropics,SAT10,394,FFSS_22.0_FOR,3201.5681475997467,3256.9579254858168
Tropics,SAT10,74,FFSS_22.0_FOR,15018.565270699062,15074.774295688387
Tropics,SAT10,74,FFSS_22.0_FOR,20962.028664576756,21017.97328487508
Tropics,SAT10,884,FFSS_22.0_FOR,2362.293571801381,2416.182024486893
Tropics,SAT10,26,FFSS_22.0_FOR,9529.90120859058,9586.29156016591
Tropics,SAT10,26,FFSS_22.0_FOR,15465.731913153943,15520.37911961346
Tropics,SAT10,26,FFSS_22.0_FOR,21408.30214548845,21462.99033136643
Tropics,SAT10,345,FFSS_22.0_FOR,10806.562480767743,10860.9994852635
Tropics,SAT10,411,FFSS_22.0_FOR,16650.207289639027,16704.0501167824
Tropics,SAT10,378,FFSS_22.0_FOR,20064.189317645796,20113.228531701727
Tropics,SAT10,806,FFSS_22.0_FOR,13769.642903426397,13823.725415094339
Tropics,SAT10,83,FFSS_22.0_FOR,3815.8347895952893,3870.3040350169463
Tropics,SAT10,83,FFSS_22.0_FOR,15740.368958033512,15796.97840086767
Tropics,SAT10,701,FFSS_22.0_FOR,17088.75993156462,17142.41842947178
Tropics,SAT10,90,FFSS_22.0_FOR,4386.227758306157,4443.184728646246
Tropics,SAT10,90,FFSS_22.0_FOR,10339.211847946544,10393.858590214317
Tropics,SAT10,671,FFSS_22.0_FOR,8383.04822287268,8436.996741141202
Tropics,SAT10,633,FFSS_22.0_FOR,11274.782325306569,11328.58171710709
Tropics,SAT10,1172,FFSS_22.0_FOR,6887.0625974301565,6941.6911238464945
Tropics,SAT10,1172,FFSS_22.0_FOR,12830.173745709657,12884.807603246754
Tropics,SAT10,660,FFSS_22.0_FOR,19617.7717798879,19673.362312873316
Tropics,SAT10,879,FFSS_22.0_FOR,7991.922850138661,8046.051428005696
Tropics,SAT10,199,FFSS_22.0_FOR,3525.2408787096915,3579.5124064996076
Tropics,SAT10,1127,FFSS_22.0_FOR,1768.5492448235805,1823.082851730628
Tropics,SAT10,524,FFSS_22.0_FOR,14264.924560380972,14318.846616437524
Tropics,SAT10,1215,FFSS_22.0_FOR,18186.0730856412,18240.741128345144
Tropics,SAT10,1169,FFSS_22.0_FOR,12578.059147747772,12632.675245003995
Tropics,SAT10,1169,FFSS_22.0_FOR,18521.268698646694,18575.904275381054
Tropics,SAT10,596,FFSS_22.0_FOR,14187.447567819298,14242.622395426855
Tropics,SAT10,1013,FFSS_22.0_FOR,2184.7030343749634,2240.5278301530643
Tropics,SAT10,853,FFSS_22.0_FOR,5960.148164866719,6013.843520912383
Tropics,SAT10,1004,FFSS_22.0_FOR,13464.035680029558,13518.417941412912
Tropics,SAT10,1116,FFSS_22.0_FOR,884.493314222696,939.9537945760558
Tropics,SAT10,1116,FFSS_22.0_FOR,6830.373173102447,6886.645554548789
Tropics,SAT10,1116,FFSS_22.0_FOR,18758.42155165308,18812.952377291902
Tropics,SAT10,810,FFSS_22.0_FOR,8068.457090943667,8123.882502006318
Tropics,SAT10,1161,FFSS_22.0_FOR,17948.623542150654,18003.07811556908
Tropics,SAT10,213,FFSS_22.0_FOR,10628.221216578966,10682.450827138007
Tropics,SAT10,747,FFSS_22.0_FOR,2643.0909675759535,2698.4192833428096
Tropics,SAT10,262,FFSS_22.0_FOR,3437.3692066258322,3492.532102049038
Tropics,SAT10,981,FFSS_22.0_FOR,17617.471314178547,17673.457189653014
Tropics,SAT10,198,FFSS_22.0_FOR,3457.958422190794,3512.5920407617596
Tropics,SAT10,732,FFSS_22.0_FOR,19574.230734062476,19627.927668979668
Tropics,SAT10,492,FFSS_22.0_FOR,5435.963743097464,5489.729923428048
Tropics,SAT10,742,FFSS_22.0_FOR,8287.057519613267,8341.485879648295
Tropics,SAT10,529,FFSS_22.0_FOR,8617.264020808294,8671.645073272262
Tropics,SAT10,131,FFSS_22.0_FOR,14959.282225913701,15013.601700318883
Tropics,SAT10,146,FFSS_22.0_FOR,16166.169076852402,16220.731169815363
Tropics,SAT10,327,FFSS_22.0_FOR,3318.7156531629894,3374.0692773957726
Tropics,SAT10,126,FFSS_22.0_FOR,20542.384578000456,20598.28961398296
Tropics,SAT10,1071,FFSS_22.0_FOR,1960.3363374037272,2014.6419490240237
Tropics,SAT10,1062,FFSS_22.0_FOR,13192.341232975761,13247.988683616944
Tropics,SAT10,532,FFSS_22.0_FOR,2850.9706607146773,2906.4670316362517
Tropics,SAT10,676,FFSS_22.0_FOR,2735.235562855038,2789.664598070393
Tropics,SAT10,1120,FFSS_22.0_FOR,1194.0893851662497,1250.7212488228622
Tropics,SAT10,1120,FFSS_22.0_FOR,13120.645161771958,13175.113211227874
Tropics,SAT10,772,FFSS_22.0_FOR,17133.421973290344,17188.09491141927
Tropics,SAT10,1175,FFSS_22.0_FOR,1196.2144333926744,1250.8842313018788
Tropics,SAT10,1175,FFSS_22.0_FOR,7138.955641361089,7193.599120909702
Tropics,SAT10,1175,FFSS_22.0_FOR,13072.454281588925,13128.999663902947
Tropics,SAT10,389,FFSS_22.0_FOR,8840.474368953834,8894.876461730197
Tropics,SAT10,634,FFSS_22.0_FOR,11332.968920202804,11387.022929132429
Tropics,SAT10,604,FFSS_22.0_FOR,2767.9327142132825,2822.1921975799096
Tropics,SAT10,638,FFSS_22.0_FOR,5623.256998744233,5676.854143803567
Tropics,SAT10,78,FFSS_22.0_FOR,9379.601683231978,9435.118821603126
Tropics,SAT10,78,FFSS_22.0_FOR,15325.558537311888,15381.86560592724
Tropics,SAT10,715,FFSS_22.0_FOR,87.10754798951345,140.64886838683017
Tropics,SAT10,533,FFSS_22.0_FOR,2910.8428886584084,2964.50053626929
Tropics,SAT10,874,FFSS_22.0_FOR,13620.578546345156,13675.712217758566
Tropics,SAT10,77,FFSS_22.0_FOR,15245.707939809476,15300.95453126097
Tropics,SAT10,194,FFSS_22.0_FOR,9130.132302051099,9184.580255701281
Tropics,SAT10,629,FFSS_22.0_FOR,16984.73995656212,17038.49153306494
Tropics,SAT10,859,FFSS_22.0_FOR,378.2771636120784,432.74989326194367
Tropics,SAT10,599,FFSS_22.0_FOR,8419.304975178815,8474.019874238013
Tropics,SAT10,870,FFSS_22.0_FOR,19314.233827711603,19368.439210088272
Tropics,SAT10,482,FFSS_22.0_FOR,16722.598268327216,16776.343807564514
Tropics,SAT10,133,FFSS_22.0_FOR,15107.247119299247,15163.99940485996
Tropics,SAT10,258,FFSS_22.0_FOR,9122.653925200944,9178.717335059957
Tropics,SAT10,913,FFSS_22.0_FOR,17393.096170552664,17446.98236549152
Tropics,SAT10,1070,FFSS_22.0_FOR,1886.1304557665758,1941.3300061998839
Tropics,SAT10,448,FFSS_22.0_FOR,19985.211667759286,20039.291609797998
Tropics,SAT10,139,FFSS_22.0_FOR,3651.923958467719,3706.2380145156703
Tropics,SAT10,191,FFSS_22.0_FOR,14870.036546465688,14924.583206656265
Tropics,SAT10,130,FFSS_22.0_FOR,14888.420738264807,14943.996877253463
Tropics,SAT10,209,FFSS_22.0_FOR,16300.272551019254,16354.646309049529
Tropics,SAT10,185,FFSS_22.0_FOR,20408.069997690858,20464.06829092015
Tropics,SAT10,1102,FFSS_22.0_FOR,17715.25233784102,17770.90669165604
Tropics,SAT10,200,FFSS_22.0_FOR,3594.2390756300197,3650.1900557906947
Tropics,SAT10,1060,FFSS_22.0_FOR,18992.911645534543,19047.476158385212
Tropics,SAT10,1008,FFSS_22.0_FOR,7791.948922142945,7846.208995763579
Tropics,SAT10,148,FFSS_22.0_FOR,10366.064485689827,10421.533052671419
Tropics,SAT10,195,FFSS_22.0_FOR,9197.622213138571,9252.012958358582
Tropics,SAT10,1066,FFSS_22.0_FOR,7539.265250363972,7594.679387003804
Tropics,SAT10,815,FFSS_22.0_FOR,2430.5537927285736,2484.9777575190788
Tropics,SAT10,384,FFSS_22.0_FOR,14479.43126002299,14533.300112148316
Tropics,SAT10,812,FFSS_22.0_FOR,8190.515856983685,8245.65592243102
Tropics,SAT10,196,FFSS_22.0_FOR,9266.886520418506,9323.198883124616
Tropics,SAT10,643,FFSS_22.0_FOR,0.0,25.18385058812023
Tropics,SAT10,929,FFSS_22.0_FOR,627.586754006321,683.5467543218482
Tropics,SAT10,790,FFSS_22.0_FOR,382.0853081637555,438.0276730887478
Tropics,SAT10,1126,FFSS_22.0_FOR,1690.0782410153665,1745.302879188205
Tropics,SAT10,325,FFSS_22.0_FOR,3193.3505828863645,3248.5831357132793
Tropics,SAT10,1112,FFSS_22.0_FOR,6523.4657482366065,6579.617026711645
Tropics,SAT10,1112,FFSS_22.0_FOR,12466.850216825087,12522.756030603263
Tropics,SAT10,1165,FFSS_22.0_FOR,12310.562296130538,12364.98008610049
Tropics,SAT10,91,FFSS_22.0_FOR,4468.309372547706,4524.191931469508
Tropics,SAT10,91,FFSS_22.0_FOR,10411.20407813395,10467.409920460557
Tropics,SAT10,1113,FFSS_22.0_FOR,6597.060735493872,6651.690297367804
Tropics,SAT10,1113,FFSS_22.0_FOR,12547.894836472953,12604.87240557716
Tropics,SAT10,1164,FFSS_22.0_FOR,12235.588691585921,12290.5408226094
Tropics,SAT10,1164,FFSS_22.0_FOR,18183.995518920652,18240.63381072659
Tropics,SAT10,458,FFSS_22.0_FOR,8698.677255004002,8752.42104327901
Tropics,SAT10,745,FFSS_22.0_FOR,2523.0658887432423,2578.314612101329
Tropics,SAT10,518,FFSS_22.0_FOR,19852.94227686417,19907.780746335597
Tropics,SAT10,662,FFSS_22.0_FOR,19736.606286987393,19791.580238886705
Tropics,SAT10,559,FFSS_22.0_FOR,11147.427033124533,11201.758438315881
Tropics,SAT10,555,FFSS_22.0_FOR,16854.61193227846,16908.14750362313
Tropics,SAT10,84,FFSS_22.0_FOR,3892.94532987243,3947.8903490176763
Tropics,SAT10,84,FFSS_22.0_FOR,15821.870939702449,15877.388173245385
Tropics,SAT10,73,FFSS_22.0_FOR,20882.825356373454,20937.777513810484
Tropics,SAT10,666,FFSS_22.0_FOR,14030.72918856046,14084.424100046008
Tropics,SAT10,860,FFSS_22.0_FOR,440.76365527651456,494.66396707554935
Tropics,SAT10,923,FFSS_22.0_FOR,6133.410084377323,6188.010645144566
Tropics,SAT10,79,FFSS_22.0_FOR,9453.89277946341,9508.404878843403
Tropics,SAT10,79,FFSS_22.0_FOR,21376.1435518086,21433.094328602812
Tropics,SAT10,644,FFSS_22.0_FOR,29.280290666315718,84.31090907343979
Tropics,SAT10,351,FFSS_22.0_FOR,5238.856348734637,5293.651557711804
Tropics,SAT10,414,FFSS_22.0_FOR,10907.088886634712,10943.367416580706
Tropics,SAT10,880,FFSS_22.0_FOR,8054.257535293108,8108.606978179094
Tropics,SAT10,803,FFSS_22.0_FOR,19528.65458368672,19569.50833325352
Tropics,SAT10,1057,FFSS_22.0_FOR,824.9318268306184,879.1934906155929
Tropics,SAT10,565,FFSS_22.0_FOR,5559.2404143223375,5613.2827383076
Tropics,SAT10,733,FFSS_22.0_FOR,19632.933647007732,19688.29288028231
Tropics,SAT10,995,FFSS_22.0_FOR,757.7708316288686,813.4750820461207
Tropics,SAT10,1105,FFSS_22.0_FOR,17933.617966947935,17990.16201672064
Tropics,SAT10,80,FFSS_22.0_FOR,9530.296642790387,9585.003370470586
Tropics,SAT10,80,FFSS_22.0_FOR,21458.213554419057,21514.089055470224
Tropics,SAT10,1047,FFSS_22.0_FOR,11966.10121469328,12020.384699499771
Tropics,SAT10,777,FFSS_22.0_FOR,11490.28441925659,11544.25578266926
Tropics,SAT10,528,FFSS_22.0_FOR,8558.30403186,8612.128445453664
Tropics,SAT10,950,FFSS_22.0_FOR,2293.160366421668,2348.2867584238716
Tropics,SAT10,1044,FFSS_22.0_FOR,17706.11128630156,17760.666306462354
Tropics,SAT10,1059,FFSS_22.0_FOR,18920.97120268116,18975.452186964754
Tropics,SAT10,1103,FFSS_22.0_FOR,17785.979474422336,17840.244614677533
Tropics,SAT10,135,FFSS_22.0_FOR,9305.58584079481,9359.887408532497
Tropics,SAT10,718,FFSS_22.0_FOR,263.42276224742767,319.1349740817427
Tropics,SAT10,876,FFSS_22.0_FOR,13745.520481612128,13800.99732370791
Tropics,SAT10,786,FFSS_22.0_FOR,143.54536614392057,198.24394883153363
Tropics,SAT10,998,FFSS_22.0_FOR,18998.026665975256,19054.124788829293
Tropics,SAT10,1123,FFSS_22.0_FOR,7405.990412375414,7460.682644238122
Tropics,SAT10,939,FFSS_22.0_FOR,13467.249059271235,13523.599184294115
Tropics,SAT10,523,FFSS_22.0_FOR,14205.674026900435,14259.891009802
Tropics,SAT10,983,FFSS_22.0_FOR,11803.197441283395,11858.478619817744
Tropics,SAT10,342,FFSS_22.0_FOR,16561.423324724925,16616.073883695935
Tropics,SAT10,94,FFSS_22.0_FOR,4700.335452418379,4755.31606702072
Tropics,SAT10,1119,FFSS_22.0_FOR,1113.6395728988675,1169.179074757193
Tropics,SAT10,1119,FFSS_22.0_FOR,13043.123910973827,13098.049597818077
Tropics,SAT10,278,FFSS_22.0_FOR,10725.342541049416,10779.252987331121
Tropics,SAT10,940,FFSS_22.0_FOR,13535.012995680321,13589.218476057444
Tropics,SAT10,534,FFSS_22.0_FOR,2969.5517873611784,3024.6135847645473
Tropics,SAT10,279,FFSS_22.0_FOR,10788.269136049747,10843.30689370447
Tropics,SAT10,410,FFSS_22.0_FOR,16588.953127708366,16643.25386711784
Tropics,SAT10,140,FFSS_22.0_FOR,3725.342804613708,3780.620118396826
Tropics,SAT10,138,FFSS_22.0_FOR,3580.576310255735,3635.6159768626635
Tropics,SAT10,128,FFSS_22.0_FOR,20685.583785356375,20740.317639293
Tropics,SAT10,1162,FFSS_22.0_FOR,18025.021161126588,18079.682963679785
Tropics,SAT10,519,FFSS_22.0_FOR,19912.52306686869,19966.20892064362
Tropics,SAT10,379,FFSS_22.0_FOR,20118.402169094275,20172.20576253363
Tropics,SAT10,807,FFSS_22.0_FOR,13830.319627398494,13884.54396614517
Tropics,SAT10,152,FFSS_22.0_FOR,4712.9577136695525,4768.200463511789
Tropics,SAT10,1115,FFSS_22.0_FOR,6750.541746300517,6805.744203900425
Tropics,SAT10,1115,FFSS_22.0_FOR,18679.971289334615,18735.187759021763
Tropics,SAT10,134,FFSS_22.0_FOR,9234.484347896021,9289.772626967371
Tropics,SAT10,1121,FFSS_22.0_FOR,7245.146983750039,7301.784729984676
Tropics,SAT10,1121,FFSS_22.0_FOR,13195.00275058733,13250.047160248962
Tropics,SAT10,132,FFSS_22.0_FOR,15032.131096356161,15087.02468557513
Tropics,SAT10,144,FFSS_22.0_FOR,16019.11279010678,16074.825314907326
Tropics,SAT10,990,FFSS_22.0_FOR,6361.2840498553605,6415.527542956896
Tropics,SAT10,350,FFSS_22.0_FOR,5177.4063116240295,5231.213263465233
Tropics,SAT10,32,FFSS_22.0_FOR,4083.3728114563837,4138.007670065786
Tropics,SAT10,32,FFSS_22.0_FOR,10026.601120197014,10081.2197498876
Tropics,SAT10,554,FFSS_22.0_FOR,16794.4443679098,16849.482211542043
Tropics,SAT10,788,FFSS_22.0_FOR,260.336536356101,314.87091881088634
Tropics,SAT10,1178,FFSS_22.0_FOR,1447.6472500488348,1502.302653141187
Tropics,SAT10,1178,FFSS_22.0_FOR,7383.4157908725765,7439.3839884230865
Tropics,SAT10,857,FFSS_22.0_FOR,260.33653635609994,314.87091881088503
Tropics,SAT10,871,FFSS_22.0_FOR,19376.77026129807,19431.023259156056
Tropics,SAT10,1173,FFSS_22.0_FOR,1034.7704421065305,1091.1211125148036
Tropics,SAT10,1173,FFSS_22.0_FOR,6970.5474479405275,7025.18278457148
Tropics,SAT10,1173,FFSS_22.0_FOR,12913.110138154041,12967.820719304113
Tropics,SAT10,491,FFSS_22.0_FOR,5375.592244732708,5429.861699648289
Tropics,SAT10,778,FFSS_22.0_FOR,11550.237812702479,11604.224744267758
Tropics,SAT10,92,FFSS_22.0_FOR,4548.443430048968,4603.331110679189
Tropics,SAT10,861,FFSS_22.0_FOR,503.92022399422217,560.0038583524461
Tropics,SAT10,1125,FFSS_22.0_FOR,1609.213129715572,1665.4948762695944
Tropics,SAT10,1125,FFSS_22.0_FOR,7555.7287404741965,7611.2848604633655
Tropics,SAT10,922,FFSS_22.0_FOR,6070.680310045406,6124.521858123765
Tropics,SAT10,30,FFSS_22.0_FOR,3919.6252611112104,3975.067474568951
Tropics,SAT10,30,FFSS_22.0_FOR,9858.546864591026,9913.21370157739
Tropics,SAT10,30,FFSS_22.0_FOR,15799.291252567522,15854.228852694065
Tropics,SAT10,885,FFSS_22.0_FOR,2422.9076657903706,2478.5805949772994
Tropics,SAT10,421,FFSS_22.0_FOR,5370.590260655498,5424.234895381298
Tropics,SAT10,849,FFSS_22.0_FOR,11659.905994654291,11713.87409756905
Tropics,SAT10,153,FFSS_22.0_FOR,4787.393076350672,4841.641189817881
Tropics,SAT10,1064,FFSS_22.0_FOR,13338.9318216556,13393.647153504313
Tropics,SAT10,675,FFSS_22.0_FOR,2676.4871677702035,2730.291838135261
Tropics,SAT10,984,FFSS_22.0_FOR,11867.179489728383,11921.08163140554
Tropics,SAT10,35,FFSS_22.0_FOR,4335.504205994391,4390.123503631627
Tropics,SAT10,948,FFSS_22.0_FOR,2163.650594185477,2219.0581725229817
Tropics,SAT10,283,FFSS_22.0_FOR,5104.400218598133,5158.753920941828
Tropics,SAT10,980,FFSS_22.0_FOR,17551.999312883912,17606.030990190535
Tropics,SAT10,935,FFSS_22.0_FOR,19153.550188031542,19208.934830270577
Tropics,SAT10,20,FFSS_22.0_FOR,20909.46591841002,20964.902036561347
Tropics,SAT10,1163,FFSS_22.0_FOR,18103.532435326182,18159.078655513444
Tropics,SAT10,1128,FFSS_22.0_FOR,1844.0326287906312,1898.7331365088992
Tropics,SAT10,1114,FFSS_22.0_FOR,6672.7355645659145,6727.227659705217
Tropics,SAT10,1114,FFSS_22.0_FOR,18599.121771826507,18655.394242669354
Tropics,SAT10,717,FFSS_22.0_FOR,203.73708532671057,257.36371500479584
Tropics,SAT10,854,FFSS_22.0_FOR,6020.961415992317,6075.692589277961
Tropics,SAT10,349,FFSS_22.0_FOR,5112.569786077914,5168.1866373440735
Tropics,SAT10,914,FFSS_22.0_FOR,17455.7876709769,17510.264321413815
Tropics,SAT10,787,FFSS_22.0_FOR,203.7370853267088,257.36371500479413
Tropics,SAT10,1003,FFSS_22.0_FOR,13396.388041466362,13450.838564093194
Tropics,SAT10,789,FFSS_22.0_FOR,321.1680737280129,374.92115707861024
Tropics,SAT10,129,FFSS_22.0_FOR,20760.391806448853,20816.848310065925
Tropics,SAT10,520,FFSS_22.0_FOR,19971.060154235933,20026.821625666944
Tropics,SAT10,260,FFSS_22.0_FOR,3308.3521098602755,3363.7465885528877
Tropics,SAT10,187,FFSS_22.0_FOR,20542.484944002616,20597.223037732223
Tropics,SAT10,1011,FFSS_22.0_FOR,2051.119617397384,2105.9467308662647
Tropics,SAT10,89,FFSS_22.0_FOR,10263.74606357429,10318.231195354232
Tropics,SAT10,1111,FFSS_22.0_FOR,12387.666993091974,12442.571337357815
Tropics,SAT10,322,FFSS_22.0_FOR,8948.336609576441,9002.571902663674
Tropics,SAT10,88,FFSS_22.0_FOR,10185.288798574416,10240.47142256971
Tropics,SAT10,192,FFSS_22.0_FOR,14939.573741650034,14950.881108059832
Tropics,SAT10,207,FFSS_22.0_FOR,16161.757599690744,16217.964320977931
Tropics,SAT10,1067,FFSS_22.0_FOR,7613.945180499405,7668.281546305844
Tropics,SAT10,1166,FFSS_22.0_FOR,12387.66699309197,12442.571337357813
Tropics,SAT10,1129,FFSS_22.0_FOR,1916.0454585520258,1972.307102422871
Tropics,SAT10,87,FFSS_22.0_FOR,10104.433126076885,10160.682244416543
Tropics,SAT10,87,FFSS_22.0_FOR,16050.895007850719,16106.396454274738
Tropics,SAT10,216,FFSS_22.0_FOR,4887.694568760148,4942.33483248147
Tropics,SAT10,257,FFSS_22.0_FOR,9057.170760929674,9111.294471397874
Tropics,SAT10,989,FFSS_22.0_FOR,6247.080214192446,6301.503046661156
Tropics,SAT10,852,FFSS_22.0_FOR,5924.036961316044,5954.902392591183
Tropics,SAT10,1168,FFSS_22.0_FOR,12495.388307861904,12550.138982242666
Tropics,SAT10,1168,FFSS_22.0_FOR,18437.51678302724,18492.17024586891
Tropics,SAT10,1216,FFSS_22.0_FOR,18269.1847440247,18323.805606069025
Tropics,SAT10,645,FFSS_22.0_FOR,145.6885321300491,201.0564867349429
Tropics,SAT10,560,FFSS_22.0_FOR,11206.994279339651,11260.67017499288
Tropics,SAT10,716,FFSS_22.0_FOR,145.6885321300469,201.05648673494062
Tropics,SAT10,1002,FFSS_22.0_FOR,13324.989713245684,13381.46059908888
Tropics,SAT10,1012,FFSS_22.0_FOR,2119.7923825912153,2173.973857169807
Tropics,SAT10,1118,FFSS_22.0_FOR,1035.1434709040918,1089.8023466541536
Tropics,SAT10,1118,FFSS_22.0_FOR,12962.995458631753,13018.90613115548
Tropics,SAT10,1118,FFSS_22.0_FOR,18905.866222067718,18962.145086187273
Tropics,SAT10,93,FFSS_22.0_FOR,4625.971171000989,4680.388833226258
Tropics,SAT10,312,FFSS_22.0_FOR,20208.15847412628,20262.474382660086
Tropics,SAT10,1124,FFSS_22.0_FOR,7482.521225276373,7537.039533945526
Tropics,SAT10,380,FFSS_22.0_FOR,20179.2345254809,20234.094303142945
Tropics,SAT10,273,FFSS_22.0_FOR,16344.698023766154,16399.27699758801
Tropics,SAT10,248,FFSS_22.0_FOR,20362.212471468756,20416.211413042987
Tropics,SAT10,945,FFSS_22.0_FOR,7914.868131039916,7968.95058986849
Tropics,SAT10,605,FFSS_22.0_FOR,2826.465747946403,2880.325861396314
Tropics,SAT10,1104,FFSS_22.0_FOR,17858.672222096175,17913.416283106053
Tropics,SAT10,1058,FFSS_22.0_FOR,898.4803196807401,953.804022999096
Tropics,SAT10,1058,FFSS_22.0_FOR,18845.359251335496,18901.25752054743
Tropics,SAT10,150,FFSS_22.0_FOR,10512.153817561468,10566.883033807066
Tropics,SAT10,212,FFSS_22.0_FOR,10560.328195197646,10614.779603679388
Tropics,SAT10,71,FFSS_22.0_FOR,20730.702370012867,20785.711738899467
Tropics,SAT10,483,FFSS_22.0_FOR,16782.096318983964,16836.419228185263
Tropics,SAT10,277,FFSS_22.0_FOR,10658.816398343783,10714.122692358746
Tropics,SAT10,941,FFSS_22.0_FOR,13599.129605989625,13653.587842448855
Tropics,SAT10,985,FFSS_22.0_FOR,11932.18847071234,11987.269683682478
Tropics,SAT10,86,FFSS_22.0_FOR,4053.182821347739,4110.179997909204
Tropics,SAT10,86,FFSS_22.0_FOR,15977.706892677874,16032.173535920552
Tropics,SAT10,281,FFSS_22.0_FOR,4972.51287432897,5028.788795142688
Tropics,SAT10,937,FFSS_22.0_FOR,19282.99650126119,19338.144400702342
Tropics,SAT10,420,FFSS_22.0_FOR,5311.61854406713,5365.309037751274
Tropics,SAT10,848,FFSS_22.0_FOR,11599.104915740776,11653.224109881046
Tropics,SAT10,211,FFSS_22.0_FOR,10524.406981235992,10545.280803577007
Tropics,SAT10,710,FFSS_22.0_FOR,5734.616636053847,5788.211767043221
Tropics,SAT10,783,FFSS_22.0_FOR,5906.836554736063,5961.519221566443
Tropics,SAT10,190,FFSS_22.0_FOR,14802.33062363795,14856.637759312485
Tropics,SAT10,928,FFSS_22.0_FOR,562.1275625070876,616.1529376795752
Tropics,SAT10,1007,FFSS_22.0_FOR,7723.788592147151,7778.410075895245
Tropics,SAT10,1068,FFSS_22.0_FOR,7684.885006115923,7739.787357745967
Tropics,SAT10,149,FFSS_22.0_FOR,10440.971579534911,10495.266284062249
Tropics,SAT10,1171,FFSS_22.0_FOR,6804.885946661107,6859.776795492333
Tropics,SAT10,1171,FFSS_22.0_FOR,12746.149100266599,12800.812283933165
Tropics,SAT10,1171,FFSS_22.0_FOR,18683.85139714486,18739.384659132982
Tropics,SAT10,1213,FFSS_22.0_FOR,18024.6050298583,18080.942313880318
Tropics,SAT10,186,FFSS_22.0_FOR,20474.554626188103,20528.765016875037
Tropics,SAT10,208,FFSS_22.0_FOR,16232.892237038033,16287.1897260863
Tropics,SAT10,600,FFSS_22.0_FOR,8478.175462991454,8531.861833140641
Tropics,SAT10,25,FFSS_22.0_FOR,15382.234460640542,15436.885713896887
Tropics,SAT10,25,FFSS_22.0_FOR,21325.36935915127,21379.99026949544
Tropics,SAT10,316,FFSS_22.0_FOR,14515.767904659875,14571.180905433888
Tropics,SAT10,1160,FFSS_22.0_FOR,17874.340072625713,17929.78629997078
Tropics,SAT10,591,FFSS_22.0_FOR,19839.31188281126,19893.931126965497
Tropics,SAT10,1106,FFSS_22.0_FOR,12061.297749516374,12116.645934050151
Tropics,SAT10,1174,FFSS_22.0_FOR,1114.5795633425726,1169.6831496566558
Tropics,SAT10,1174,FFSS_22.0_FOR,7054.752687171236,7109.4194507290385
Tropics,SAT10,1174,FFSS_22.0_FOR,12994.130713480667,13049.332675635698
Tropics,SAT10,711,FFSS_22.0_FOR,5793.429008575936,5848.005518067876
Tropics,SAT10,1056,FFSS_22.0_FOR,753.4753004861283,808.3283358478069
Tropics,SAT10,1117,FFSS_22.0_FOR,958.7616479577458,1013.2199282181012
Tropics,SAT10,1117,FFSS_22.0_FOR,12880.919395197789,12937.894732665725
Tropics,SAT10,1117,FFSS_22.0_FOR,18833.88092241414,18888.586256695206
Tropics,SAT10,34,FFSS_22.0_FOR,4251.473956204264,4306.134586216525
Tropics,SAT10,34,FFSS_22.0_FOR,10189.198572501073,10244.689482703905
Tropics,SAT10,706,FFSS_22.0_FOR,11441.122643398503,11495.129286188178
Tropics,SAT10,801,FFSS_22.0_FOR,19407.811907548505,19462.66098933053
Tropics,SAT10,416,FFSS_22.0_FOR,11010.610959514393,11065.118322887864
Tropics,SAT10,844,FFSS_22.0_FOR,17298.883497726438,17352.549195767217
Tropics,SAT10,256,FFSS_22.0_FOR,8992.890278056497,9047.506653171666
Tropics,SAT10,261,FFSS_22.0_FOR,3372.3485731494625,3426.3472138239417
Tropics,SAT10,639,FFSS_22.0_FOR,5681.147706682162,5735.628015900776
Tropics,SAT10,737,FFSS_22.0_FOR,13930.776133852227,13984.662626766909
Tropics,SAT10,917,FFSS_22.0_FOR,11700.69925929653,11755.301566109214
Tropics,SAT10,1214,FFSS_22.0_FOR,18104.427084849747,18159.524444777704
Tropics,SAT10,1170,FFSS_22.0_FOR,6724.435924208951,6780.245723563042
Tropics,SAT10,1170,FFSS_22.0_FOR,12661.859102311506,12716.509356894529
Tropics,SAT10,1170,FFSS_22.0_FOR,18603.653375649432,18658.46289490758
Tropics,SAT10,927,FFSS_22.0_FOR,497.8684956014828,552.3937109405645
Tropics,SAT10,388,FFSS_22.0_FOR,8779.661056073859,8833.618991412857
Tropics,SAT10,816,FFSS_22.0_FOR,2491.846660908688,2545.7920032447378
Tropics,SAT10,988,FFSS_22.0_FOR,6182.476087227682,6236.538005817465
Tropics,SAT10,1167,FFSS_22.0_FOR,12414.323641263562,12469.722510430158
Tropics,SAT10,1167,FFSS_22.0_FOR,18353.226986516973,18407.88833689402
Tropics,SAT10,154,FFSS_22.0_FOR,4858.071345557865,4913.004705934016
Tropics,SAT10,346,FFSS_22.0_FOR,10869.773525331286,10923.678389384275
Tropics,SAT10,802,FFSS_22.0_FOR,19469.688385164583,19523.492369064214
Tropics,SAT10,1217,FFSS_22.0_FOR,12414.32364126356,12469.722510430158
Tropics,SAT10,1217,FFSS_22.0_FOR,18353.22698651697,18407.888336894015
Tropics,SAT10,145,FFSS_22.0_FOR,16094.486247606024,16148.855036163974
Tropics,SAT10,415,FFSS_22.0_FOR,10950.526981106454,11004.289067145082
Tropics,SAT10,843,FFSS_22.0_FOR,17238.001085943513,17293.039473261695
Tropics,SAT10,127,FFSS_22.0_FOR,20613.013291531774,20667.381367435206
Tropics,SAT10,1072,FFSS_22.0_FOR,2030.7708703500407,2085.897664376138
Tropics,SAT10,318,FFSS_22.0_FOR,14641.072870087493,14696.262127083937
Tropics,SAT10,883,FFSS_22.0_FOR,2298.367961259232,2353.349836002821
Tropics,SAT10,1176,FFSS_22.0_FOR,1279.31798542538,1333.9398144428326
Tropics,SAT10,1176,FFSS_22.0_FOR,7222.350418170309,7277.008288514623
Tropics,SAT10,33,FFSS,4167.177943429938,4221.83619003878
Tropics,SAT10,24,FFSS,21241.343423610142,21296.005019392618
Tropics,SAT10,29,FFSS,9774.499314336168,9829.136269928622
Tropics,SAT10,29,FFSS,15717.544145672911,15772.181733910544
Tropics,SAT10,81,FFSS,21538.330779913013,21593.21337694084
Tropics,SAT10,393,FFSS,3140.6968356787193,3194.4720512720414
Tropics,SAT10,23,FFSS,21157.046326074433,21211.70594734918
Tropics,SAT10,76,FFSS,15167.880506073827,15222.423805360599
Tropics,SAT10,21,FFSS,20990.54891036255,21045.3296460794
Tropics,SAT10,811,FFSS,8130.980080358559,8184.756899842601
Tropics,SAT10,27,FFSS,15549.945343105364,15604.61270460592
Tropics,SAT10,36,FFSS,4418.446994628952,4473.1325603199975
Tropics,SAT10,741,FFSS,8227.531912388378,8281.396113355699
Tropics,SAT10,782,FFSS,5847.048994540296,5900.673314832002
Tropics,SAT10,453,FFSS,14341.982132047538,14395.719772851684
Tropics,SAT10,487,FFSS,11079.421195549212,11133.003661660028
Tropics,SAT10,282,FFSS,5040.280903633928,5094.397629985394
Tropics,SAT10,746,FFSS,2584.365760018655,2638.062702174956
Tropics,SAT10,85,FFSS,15901.192502835931,15955.83886188552
Tropics,SAT10,75,FFSS,15092.18320652751,15146.86849304912
Tropics,SAT10,1043,FFSS,17638.311381670337,17692.47647692969
Tropics,SAT10,72,FFSS,20805.6987419209,20860.17026125592
Tropics,SAT10,999,FFSS,19068.917838497175,19123.233417022715
Tropics,SAT10,1177,FFSS,1363.3563446867154,1418.018025726414
Tropics,SAT10,463,FFSS,3055.3169328817694,3075.8611794985904
Tropics,SAT10,313,FFSS,20270.72368679815,20324.878604032165
Tropics,SAT10,1107,FFSS,12132.262370552366,12186.496208287992
Tropics,SAT10,317,FFSS,14578.179741718592,14632.054006162487
Tropics,SAT10,1048,FFSS,12033.680903397259,12088.06233867627
Tropics,SAT10,994,FFSS,688.9196483923321,743.062477802475
Tropics,SAT10,590,FFSS,19781.416324308942,19835.12607746668
Tropics,SAT10,1179,FFSS,1531.4061441129552,1586.042347254137
Tropics,SAT10,661,FFSS,19678.269385459025,19731.935725333118
Tropics,SAT10,773,FFSS,17193.606215477095,17247.237654868666
Tropics,SAT10,918,FFSS,11763.163700435663,11817.016867189543
Tropics,SAT10,875,FFSS,13684.714065295651,13738.589324303002
Tropics,SAT10,326,FFSS,3255.774812828863,3309.6501928686134
Tropics,SAT10,22,FFSS,21073.235347631286,21127.871250408207
Tropics,SAT10,1180,FFSS,1613.8027295171016,1668.6112711630901
Tropics,SAT10,274,FFSS,16409.996783610935,16463.98630354628
Tropics,SAT10,28,FFSS,9691.3819630195,9746.076967067642
Tropics,SAT10,28,FFSS,15634.151837699235,15688.784469463591
Tropics,SAT10,595,FFSS,14129.826999468434,14183.463242625317
Tropics,SAT10,31,FFSS,4000.6960245348646,4055.477854262016
Tropics,SAT10,252,FFSS,14677.503365407272,14731.659242840547
Tropics,SAT10,949,FFSS,2230.2055274085315,2284.2115510301687
Tropics,SAT10,217,FFSS,4956.10013391306,5010.229767371821
Tropics,SAT10,1053,FFSS,6478.579493549957,6532.812495619964
Tropics,SAT10,884,FFSS,2362.293757061962,2416.182024015564
Tropics,SAT10,26,FFSS,15465.731913011045,15520.37911961419
Tropics,SAT10,26,FFSS,21408.302192090894,21462.990331549154
Tropics,SAT10,411,FFSS,16650.20746378849,16704.05008038946
Tropics,SAT10,806,FFSS,13769.642875265154,13823.725415041827
Tropics,SAT10,83,FFSS,3815.834789617104,3870.3039940725826
Tropics,SAT10,701,FFSS,17088.75992430104,17142.417602606976
Tropics,SAT10,90,FFSS,10339.21184795603,10393.855299996558
Tropics,SAT10,671,FFSS,8383.047831190966,8436.996741149203
Tropics,SAT10,633,FFSS,11274.782297991533,11328.581717114088
Tropics,SAT10,1172,FFSS,6887.062507709478,6941.691120676788
Tropics,SAT10,1172,FFSS,12830.173745708227,12884.806986749027
Tropics,SAT10,879,FFSS,7991.9227754759795,8046.051386968084
Tropics,SAT10,199,FFSS,3525.240877772039,3579.5123762507674
Tropics,SAT10,1127,FFSS,1768.5492448235805,1823.0835687239255
Tropics,SAT10,524,FFSS,14264.924554397878,14318.846426967804
Tropics,SAT10,1215,FFSS,18186.073085641565,18240.741128345493
Tropics,SAT10,1169,FFSS,12578.059475346647,12632.67524499899
Tropics,SAT10,1169,FFSS,18521.269024157977,18575.90427536205
Tropics,SAT10,853,FFSS,5960.148129654332,6013.8435137084625
Tropics,SAT10,1004,FFSS,13464.035679870716,13518.41794141003
Tropics,SAT10,1116,FFSS,18758.421911288802,18812.952602513007
Tropics,SAT10,1161,FFSS,17948.62359486812,18003.078519122762
Tropics,SAT10,213,FFSS,10628.221168900289,10682.450827129864
Tropics,SAT10,732,FFSS,19574.230733944074,19627.92766897986
Tropics,SAT10,492,FFSS,5435.963681361123,5489.729923428678
Tropics,SAT10,131,FFSS,14959.282548876063,15013.601696938793
Tropics,SAT10,1071,FFSS,1960.3363775682578,2014.6419490230578
Tropics,SAT10,1120,FFSS,13120.644777834206,13175.112613143036
Tropics,SAT10,1175,FFSS,1196.2144333882316,1250.88482382803
Tropics,SAT10,1175,FFSS,7138.955946831256,7193.599120909766
Tropics,SAT10,638,FFSS,5623.256894938651,5676.854143817429
Tropics,SAT10,715,FFSS,87.10755404024295,140.64886838464827
Tropics,SAT10,533,FFSS,2910.8428887294644,2964.500536288083
Tropics,SAT10,629,FFSS,16984.7396391841,17038.49130701969
Tropics,SAT10,870,FFSS,19314.233989559605,19368.439189524557
Tropics,SAT10,482,FFSS,16722.598273008014,16776.343807309993
Tropics,SAT10,913,FFSS,17393.096509866544,17446.98236462031
Tropics,SAT10,139,FFSS,3651.923958490001,3706.238014515576
Tropics,SAT10,191,FFSS,14870.036189570195,14924.583082320956
Tropics,SAT10,1008,FFSS,7791.948922126145,7846.20899576854
Tropics,SAT10,195,FFSS,9197.622213212355,9252.012953840183
Tropics,SAT10,384,FFSS,14479.43126005418,14533.300080174706
Tropics,SAT10,643,FFSS,0.0,25.18385058812023
Tropics,SAT10,1165,FFSS,12310.562296130538,12364.979241371891
Tropics,SAT10,1113,FFSS,6597.060735529702,6651.690297370688
Tropics,SAT10,458,FFSS,8698.677251522347,8752.421042558297
Tropics,SAT10,555,FFSS,16854.611932282314,16908.147503623135
Tropics,SAT10,84,FFSS,3892.9453298694552,3947.8903280561663
Tropics,SAT10,73,FFSS,20882.82535631631,20937.777513810077
Tropics,SAT10,666,FFSS,14030.729162332165,14084.424094849395
Tropics,SAT10,860,FFSS,440.7636551895008,494.66396707684277
Tropics,SAT10,79,FFSS,9453.8927756008,9508.404878847521
Tropics,SAT10,1057,FFSS,824.9318308854848,879.1934906248074
Tropics,SAT10,80,FFSS,9530.29664256022,9585.003942169587
Tropics,SAT10,1047,FFSS,11966.101214660093,12020.384586815491
Tropics,SAT10,528,FFSS,8558.303779901264,8612.12844546257
Tropics,SAT10,1059,FFSS,18920.97119918513,18975.45214533651
Tropics,SAT10,1103,FFSS,17785.979746233716,17840.24509853299
Tropics,SAT10,135,FFSS,9305.58584079481,9359.887013168984
Tropics,SAT10,1123,FFSS,7405.99041202546,7460.682507053151
Tropics,SAT10,1119,FFSS,13043.123910388298,13098.049905771968
Tropics,SAT10,278,FFSS,10725.342541049416,10779.252987331121
Tropics,SAT10,940,FFSS,13535.013279765142,13589.218476000824
Tropics,SAT10,128,FFSS,20685.583785390412,20740.31786625071
Tropics,SAT10,1162,FFSS,18025.021160629552,18079.683610002943
Tropics,SAT10,519,FFSS,19912.52306661613,19966.20892043327
Tropics,SAT10,379,FFSS,20118.40250937135,20172.20576233939
Tropics,SAT10,990,FFSS,6361.284049921056,6415.527542961644
Tropics,SAT10,350,FFSS,5177.406311688246,5231.213263471767
Tropics,SAT10,32,FFSS,10026.601442487747,10081.21974982872
Tropics,SAT10,1178,FFSS,1447.6472544481298,1502.3026531433493
Tropics,SAT10,1173,FFSS,6970.547439552268,7025.182784571595
Tropics,SAT10,1173,FFSS,12913.110138141721,12967.821142472289
Tropics,SAT10,92,FFSS,4548.443280928724,4603.331004098753
Tropics,SAT10,922,FFSS,6070.680310046471,6124.521858133643
Tropics,SAT10,30,FFSS,9858.547236284714,9913.213009565261
Tropics,SAT10,849,FFSS,11659.906125554833,11713.87409757458
Tropics,SAT10,153,FFSS,4787.393062835626,4841.641189817809
Tropics,SAT10,675,FFSS,2676.487167849068,2730.291837861012
Tropics,SAT10,984,FFSS,11867.179489784667,11921.081631413912
Tropics,SAT10,35,FFSS,4335.504205993796,4390.123493708455
Tropics,SAT10,980,FFSS,17551.999371230562,17606.030949425567
Tropics,SAT10,1128,FFSS,1844.032631819374,1898.733582150111
Tropics,SAT10,1114,FFSS,6672.735564567169,6727.227659632035
Tropics,SAT10,717,FFSS,203.73714078350577,257.3637143906235
Tropics,SAT10,787,FFSS,203.73714078350494,257.36371439062106
Tropics,SAT10,1003,FFSS,13396.38797113286,13450.838564094118
Tropics,SAT10,789,FFSS,321.1677691322251,374.92112670981214
Tropics,SAT10,89,FFSS,10263.746063219829,10318.231195333547
Tropics,SAT10,1111,FFSS,12387.666994665078,12442.571674133838
Tropics,SAT10,322,FFSS,8948.336885584173,9002.571902669564
Tropics,SAT10,1067,FFSS,7613.945180513112,7668.28093660026
Tropics,SAT10,1166,FFSS,12387.666994665076,12442.571674133836
Tropics,SAT10,257,FFSS,9057.171085466984,9111.29441414444
Tropics,SAT10,1168,FFSS,12495.388307881814,12550.13942016173
Tropics,SAT10,1168,FFSS,18437.51678302724,18492.17024586891
Tropics,SAT10,1216,FFSS,18269.184743778285,18323.80505289463
Tropics,SAT10,560,FFSS,11206.994279273764,11260.670172249405
Tropics,SAT10,1012,FFSS,2119.7923826264337,2173.973813901512
Tropics,SAT10,1118,FFSS,1035.1432422672704,1089.8023466494615
Tropics,SAT10,93,FFSS,4625.971132290822,4680.38796337922
Tropics,SAT10,1124,FFSS,7482.521140602655,7537.039316495419
Tropics,SAT10,248,FFSS,20362.212471468756,20416.210606751058
Tropics,SAT10,945,FFSS,7914.868202196184,7968.950589865392
Tropics,SAT10,605,FFSS,2826.4656912359196,2880.3258363311966
Tropics,SAT10,212,FFSS,10560.328173119533,10614.779603678946
Tropics,SAT10,86,FFSS,15977.70705264466,16032.173535924067
Tropics,SAT10,420,FFSS,5311.618544071152,5365.309033630394
Tropics,SAT10,710,FFSS,5734.616372888586,5788.2117275672545
Tropics,SAT10,190,FFSS,14802.330623643675,14856.637759316658
Tropics,SAT10,928,FFSS,562.1275625278204,616.1528879519619
Tropics,SAT10,1007,FFSS,7763.156401200511,7778.410075895723
Tropics,SAT10,149,FFSS,10440.971579534911,10495.266284023479
Tropics,SAT10,1171,FFSS,12746.149469186668,12800.81225123255
Tropics,SAT10,186,FFSS,20474.55462621974,20528.764687965013
Tropics,SAT10,208,FFSS,16232.892237116674,16287.190400787498
Tropics,SAT10,600,FFSS,8478.175474463103,8531.86182725429
Tropics,SAT10,25,FFSS,15382.234460702264,15436.885711286335
Tropics,SAT10,25,FFSS,21325.369359151253,21379.99028479251
Tropics,SAT10,1174,FFSS,7054.7526598416825,7109.419450735363
Tropics,SAT10,1117,FFSS,958.7614424243272,1013.2199282225497
Tropics,SAT10,1117,FFSS,18833.88092236983,18880.710817684794
Tropics,SAT10,34,FFSS,4251.473930882012,4306.133888453951
Tropics,SAT10,844,FFSS,17298.883497726438,17352.549195767217
Tropics,SAT10,261,FFSS,3372.348515381083,3426.3462700333016
Tropics,SAT10,737,FFSS,13930.776133855159,13984.66257297313
Tropics,SAT10,1170,FFSS,12661.859103973915,12716.509356893803
Tropics,SAT10,1170,FFSS,18603.653375649705,18658.463285232712
Tropics,SAT10,388,FFSS,8779.660998181134,8833.618912604623
Tropics,SAT10,816,FFSS,2491.846660909038,2545.7920032520224
Tropics,SAT10,988,FFSS,6182.47604325193,6236.537942956907
Tropics,SAT10,1167,FFSS,18353.226986515514,18407.888087269006
Tropics,SAT10,346,FFSS,10869.773785401185,10923.678389389695
Tropics,SAT10,802,FFSS,19469.688012085848,19523.49236625459
Tropics,SAT10,1217,FFSS,18353.22698651551,18407.888087269002
Tropics,SAT10,145,FFSS,16094.486247605539,16148.855011467516
Tropics,SAT10,415,FFSS,10950.5265511697,11004.289016208744
Tropics,SAT10,127,FFSS,20613.013339924597,20667.381365348785
Tropics,SAT10,1176,FFSS,1279.3179914610878,1333.9398144400616
Tropics,SAT10,1176,FFSS,7222.350690046208,7277.008278455402
Tropics,SAT7,670,FFSS_22.0_FOR,11411.705300959244,11465.25069151441
Tropics,SAT7,1200,FFSS_22.0_FOR,1196.1877260880076,1250.9071718255648
Tropics,SAT7,1200,FFSS_22.0_FOR,7138.954595696005,7193.594657131253
Tropics,SAT7,419,FFSS_22.0_FOR,14509.99606727012,14564.567644206683
Tropics,SAT7,525,FFSS_22.0_FOR,11236.176264656377,11290.763131824313
Tropics,SAT7,669,FFSS_22.0_FOR,11351.757839711863,11406.809072840204
Tropics,SAT7,1191,FFSS_22.0_FOR,18269.14530393133,18323.771032497425
Tropics,SAT7,969,FFSS_22.0_FOR,19251.998860064352,19306.28855467184
Tropics,SAT7,422,FFSS_22.0_FOR,8748.958174553401,8803.901921992085
Tropics,SAT7,850,FFSS_22.0_FOR,2461.5641335880464,2515.375030701437
Tropics,SAT7,249,FFSS_22.0_FOR,5006.776714909482,5061.612967193662
Tropics,SAT7,946,FFSS_22.0_FOR,17476.18524186458,17511.452176861512
Tropics,SAT7,1141,FFSS_22.0_FOR,18558.030344376915,18614.624443554527
Tropics,SAT7,1196,FFSS_22.0_FOR,6804.80389525165,6859.7847360034975
Tropics,SAT7,1196,FFSS_22.0_FOR,12746.137296266948,12800.786487746953
Tropics,SAT7,1196,FFSS_22.0_FOR,18683.80932975256,18739.48825438188
Tropics,SAT7,680,FFSS_22.0_FOR,116.64652748525985,170.69392284330033
Tropics,SAT7,1190,FFSS_22.0_FOR,18185.997893017167,18240.714794584863
Tropics,SAT7,1136,FFSS_22.0_FOR,12198.645967493227,12254.577226374015
Tropics,SAT7,1136,FFSS_22.0_FOR,18143.64401910757,18199.56502777528
Tropics,SAT7,1188,FFSS_22.0_FOR,18058.663796515717,18080.899486634833
Tropics,SAT7,385,FFSS_22.0_FOR,5281.006829338199,5334.849734509332
Tropics,SAT7,813,FFSS_22.0_FOR,11568.30629615002,11623.734313455741
Tropics,SAT7,1194,FFSS_22.0_FOR,12578.027079563562,12632.659859849753
Tropics,SAT7,1194,FFSS_22.0_FOR,18521.228699764277,18575.884852113133
Tropics,SAT7,824,FFSS_22.0_FOR,351.76108791056674,406.205828990996
Tropics,SAT7,1203,FFSS_22.0_FOR,1447.6646896233465,1502.3102824255343
Tropics,SAT7,1203,FFSS_22.0_FOR,7383.411734587404,7439.553688946623
Tropics,SAT7,782,FFSS_22.0_FOR,2643.317091083924,2698.6905381577208
Tropics,SAT7,845,FFSS_22.0_FOR,8100.01789360425,8154.226284248659
Tropics,SAT7,453,FFSS_22.0_FOR,11138.322951984592,11193.595534693473
Tropics,SAT7,282,FFSS_22.0_FOR,20460.552111592322,20488.947782612533
Tropics,SAT7,563,FFSS_22.0_FOR,8528.150962199112,8582.936257971614
Tropics,SAT7,707,FFSS_22.0_FOR,8412.158488342135,8467.235387564217
Tropics,SAT7,1142,FFSS_22.0_FOR,6711.437438513671,6766.141775322999
Tropics,SAT7,1142,FFSS_22.0_FOR,18639.793022242146,18695.372188444122
Tropics,SAT7,1145,FFSS_22.0_FOR,996.7029583283762,1051.1373124262218
Tropics,SAT7,1145,FFSS_22.0_FOR,12922.180957984554,12978.446034042425
Tropics,SAT7,1145,FFSS_22.0_FOR,18870.33189361284,18925.74286710383
Tropics,SAT7,840,FFSS_22.0_FOR,13737.976799124983,13793.03637244281
Tropics,SAT7,354,FFSS_22.0_FOR,8854.292682844267,8909.699756017777
Tropics,SAT7,1135,FFSS_22.0_FOR,18064.07476605664,18119.02850200126
Tropics,SAT7,1043,FFSS_22.0_FOR,2119.828729259127,2174.0422973993277
Tropics,SAT7,218,FFSS_22.0_FOR,20542.562789879827,20597.22914704412
Tropics,SAT7,1042,FFSS_22.0_FOR,2051.0809788499914,2105.8295645499998
Tropics,SAT7,176,FFSS_22.0_FOR,16161.651559989898,16217.700842951755
Tropics,SAT7,10,FFSS_22.0_FOR,4335.507612323002,4390.135172512763
Tropics,SAT7,110,FFSS_22.0_FOR,3651.929194136217,3706.242141766773
Tropics,SAT7,313,FFSS_22.0_FOR,10900.266290266942,10955.061573140018
Tropics,SAT7,162,FFSS_22.0_FOR,15107.443188224548,15164.003125107012
Tropics,SAT7,457,FFSS_22.0_FOR,5436.0375563651505,5489.827958167086
Tropics,SAT7,751,FFSS_22.0_FOR,143.34192517572873,198.0815158526189
Tropics,SAT7,905,FFSS_22.0_FOR,19406.959074188235,19462.431423525686
Tropics,SAT7,169,FFSS_22.0_FOR,3594.4617381627295,3650.2712221942797
Tropics,SAT7,317,FFSS_22.0_FOR,5208.599194978405,5262.570182158785
Tropics,SAT7,598,FFSS_22.0_FOR,11333.085998432807,11387.146532769308
Tropics,SAT7,494,FFSS_22.0_FOR,8758.650526664733,8814.435845747686
Tropics,SAT7,781,FFSS_22.0_FOR,2584.3779967989085,2638.0853260513045
Tropics,SAT7,631,FFSS_22.0_FOR,14129.794707320996,14183.440804029688
Tropics,SAT7,748,FFSS_22.0_FOR,5907.032703460471,5961.679910884778
Tropics,SAT7,1155,FFSS_22.0_FOR,1806.7155335868024,1861.2196147181028
Tropics,SAT7,107,FFSS_22.0_FOR,9378.830398688697,9433.807173143758
Tropics,SAT7,12,FFSS_22.0_FOR,4499.469892490652,4554.753598283835
Tropics,SAT7,165,FFSS_22.0_FOR,9378.830398688699,9433.807173143756
Tropics,SAT7,1205,FFSS_22.0_FOR,1613.804737517221,1668.6859932808582
Tropics,SAT7,665,FFSS_22.0_FOR,17059.12597866498,17112.753325307833
Tropics,SAT7,696,FFSS_22.0_FOR,19648.153073481488,19702.372806402906
Tropics,SAT7,62,FFSS_22.0_FOR,10301.879977734194,10356.332644106835
Tropics,SAT7,225,FFSS_22.0_FOR,9129.998581604403,9184.513345992389
Tropics,SAT7,488,FFSS_22.0_FOR,14341.907388048063,14395.66148665135
Tropics,SAT7,226,FFSS_22.0_FOR,9197.68297456948,9252.03225898759
Tropics,SAT7,167,FFSS_22.0_FOR,3457.812412960698,3512.52762267582
Tropics,SAT7,168,FFSS_22.0_FOR,3525.292498244474,3579.5376596665487
Tropics,SAT7,753,FFSS_22.0_FOR,263.7166756755354,319.3703129300682
Tropics,SAT7,164,FFSS_22.0_FOR,9305.55441790893,9359.869448075979
Tropics,SAT7,768,FFSS_22.0_FOR,19633.113377812108,19688.519516410688
Tropics,SAT7,227,FFSS_22.0_FOR,9267.114914724103,9323.26977068749
Tropics,SAT7,530,FFSS_22.0_FOR,5588.267363371918,5643.654097720253
Tropics,SAT7,674,FFSS_22.0_FOR,5704.605345497719,5758.944512430579
Tropics,SAT7,918,FFSS_22.0_FOR,2393.1110342712864,2447.5713540187844
Tropics,SAT7,908,FFSS_22.0_FOR,13652.999174066179,13707.135134589611
Tropics,SAT7,705,FFSS_22.0_FOR,8292.999500534943,8348.468464697122
Tropics,SAT7,377,FFSS_22.0_FOR,16679.881614274225,16734.704038824755
Tropics,SAT7,641,FFSS_22.0_FOR,2826.5579834837927,2880.426241943157
Tropics,SAT7,951,FFSS_22.0_FOR,11834.941785881436,11889.250089857067
Tropics,SAT7,1189,FFSS_22.0_FOR,18104.287571424255,18159.498002629873
Tropics,SAT7,109,FFSS_22.0_FOR,3580.4094401191824,3635.5587232066337
Tropics,SAT7,163,FFSS_22.0_FOR,9234.27637795575,9289.68813104445
Tropics,SAT7,602,FFSS_22.0_FOR,5623.200915193196,5676.807365036154
Tropics,SAT7,1204,FFSS_22.0_FOR,1531.4143569699995,1586.0708384873492
Tropics,SAT7,1195,FFSS_22.0_FOR,6724.267908005259,6780.243871878775
Tropics,SAT7,1195,FFSS_22.0_FOR,12661.845856925782,12716.48496096408
Tropics,SAT7,1195,FFSS_22.0_FOR,18603.606258601096,18658.48995053362
Tropics,SAT7,1081,FFSS_22.0_FOR,6407.185104306023,6462.382501039105
Tropics,SAT7,1198,FFSS_22.0_FOR,1076.8868688886685,1091.1294308146057
Tropics,SAT7,1198,FFSS_22.0_FOR,6970.546105093512,7025.177020666314
Tropics,SAT7,1198,FFSS_22.0_FOR,12913.08079767651,12967.844938584585
Tropics,SAT7,177,FFSS_22.0_FOR,16232.836323116404,16287.093821875927
Tropics,SAT7,217,FFSS_22.0_FOR,20474.44436088103,20528.692673698813
Tropics,SAT7,108,FFSS_22.0_FOR,9454.367667874407,9511.222095920148
Tropics,SAT7,819,FFSS_22.0_FOR,5990.606162134513,6044.437146256893
Tropics,SAT7,884,FFSS_22.0_FOR,11731.792925309244,11785.687005194564
Tropics,SAT7,1134,FFSS_22.0_FOR,17986.52589654769,18040.960205930976
Tropics,SAT7,1193,FFSS_22.0_FOR,12495.311478045376,12550.13072825188
Tropics,SAT7,1193,FFSS_22.0_FOR,18437.486497908496,18492.130794292567
Tropics,SAT7,345,FFSS_22.0_FOR,20176.662898759034,20232.25876796672
Tropics,SAT7,568,FFSS_22.0_FOR,2880.9508493559815,2935.137193020557
Tropics,SAT7,308,FFSS_22.0_FOR,16531.027755136754,16584.941015431046
Tropics,SAT7,1143,FFSS_22.0_FOR,6790.3414798385975,6845.91361373972
Tropics,SAT7,1143,FFSS_22.0_FOR,18719.50455540629,18774.23560105464
Tropics,SAT7,701,FFSS_22.0_FOR,14000.976903003111,14054.810033858319
Tropics,SAT7,632,FFSS_22.0_FOR,14187.65363268194,14242.828642605553
Tropics,SAT7,1150,FFSS_22.0_FOR,7366.640667855074,7421.614577365455
Tropics,SAT7,836,FFSS_22.0_FOR,19439.043039101427,19492.986456837196
Tropics,SAT7,671,FFSS_22.0_FOR,11470.55568420788,11525.806952378252
Tropics,SAT7,5,FFSS_22.0_FOR,3919.497856803767,3975.0795445217304
Tropics,SAT7,5,FFSS_22.0_FOR,9858.543512820177,9913.195322302774
Tropics,SAT7,5,FFSS_22.0_FOR,15799.252320132944,15854.285628773554
Tropics,SAT7,879,FFSS_22.0_FOR,17361.6704436068,17416.412565044153
Tropics,SAT7,381,FFSS_22.0_FOR,10980.962770283335,11034.739138850855
Tropics,SAT7,809,FFSS_22.0_FOR,17268.325995878648,17322.32493622414
Tropics,SAT7,45,FFSS_22.0_FOR,20909.2894281729,20964.863935428755
Tropics,SAT7,67,FFSS_22.0_FOR,4736.24408007602,4792.225461921041
Tropics,SAT7,904,FFSS_22.0_FOR,19345.89084154124,19399.77545598861
Tropics,SAT7,524,FFSS_22.0_FOR,11177.42628842346,11231.031867412052
Tropics,SAT7,48,FFSS_22.0_FOR,15219.379824343638,15275.394143423
Tropics,SAT7,48,FFSS_22.0_FOR,21157.009280449867,21211.65770657711
Tropics,SAT7,2,FFSS_22.0_FOR,9609.614802192074,9664.865452917942
Tropics,SAT7,2,FFSS_22.0_FOR,15549.926381814856,15604.578140222173
Tropics,SAT7,2,FFSS_22.0_FOR,21489.25977540791,21544.551150796506
Tropics,SAT7,1038,FFSS_22.0_FOR,7723.7427133883175,7778.300610398489
Tropics,SAT7,1013,FFSS_22.0_FOR,17706.184973987725,17760.676330964703
Tropics,SAT7,1025,FFSS_22.0_FOR,688.9665188902763,743.090535108924
Tropics,SAT7,181,FFSS_22.0_FOR,10560.27887225924,10614.674364092123
Tropics,SAT7,180,FFSS_22.0_FOR,10488.591701598181,10545.01212156136
Tropics,SAT7,56,FFSS_22.0_FOR,3854.16555425054,3908.7394354616877
Tropics,SAT7,56,FFSS_22.0_FOR,15781.354740451707,15837.246469615244
Tropics,SAT7,101,FFSS_22.0_FOR,20922.246201790334,20977.536451112508
Tropics,SAT7,810,FFSS_22.0_FOR,17329.365867089316,17383.459786752734
Tropics,SAT7,1017,FFSS_22.0_FOR,12033.746050952572,12088.078493470175
Tropics,SAT7,564,FFSS_22.0_FOR,8587.938926920024,8641.644281067576
Tropics,SAT7,452,FFSS_22.0_FOR,11079.410641703083,11133.003662593483
Tropics,SAT7,739,FFSS_22.0_FOR,17253.538301085537,17309.22784301508
Tropics,SAT7,1029,FFSS_22.0_FOR,18997.915639548322,19053.863992954903
Tropics,SAT7,889,FFSS_22.0_FOR,6102.009075599075,6155.871717572897
Tropics,SAT7,747,FFSS_22.0_FOR,5846.996507653374,5900.638000435296
Tropics,SAT7,959,FFSS_22.0_FOR,499.4845031621547,521.6693737312032
Tropics,SAT7,284,FFSS_22.0_FOR,14645.305461838267,14700.34986792367
Tropics,SAT7,981,FFSS_22.0_FOR,2197.3418351092228,2251.709143283795
Tropics,SAT7,1022,FFSS_22.0_FOR,6430.623158287424,6486.524233892714
Tropics,SAT7,492,FFSS_22.0_FOR,8638.245596689334,8693.088029383445
Tropics,SAT7,742,FFSS_22.0_FOR,11490.133952204651,11544.134748301723
Tropics,SAT7,529,FFSS_22.0_FOR,5530.01257571617,5583.563318457406
Tropics,SAT7,956,FFSS_22.0_FOR,6214.649770125087,6268.576765155329
Tropics,SAT7,1076,FFSS_22.0_FOR,17933.80013433338,17990.158538819454
Tropics,SAT7,1091,FFSS_22.0_FOR,13192.293659075998,13247.804450425008
Tropics,SAT7,972,FFSS_22.0_FOR,13501.488468625666,13556.405605672955
Tropics,SAT7,246,FFSS_22.0_FOR,10757.294055061537,10811.481564717316
Tropics,SAT7,117,FFSS_22.0_FOR,16166.182846932112,16220.824296221152
Tropics,SAT7,155,FFSS_22.0_FOR,20542.091632251886,20598.148272340117
Tropics,SAT7,1100,FFSS_22.0_FOR,1960.3519010055984,2014.6618189603864
Tropics,SAT7,1086,FFSS_22.0_FOR,824.9551223115941,879.2083666926582
Tropics,SAT7,60,FFSS_22.0_FOR,10145.130145950374,10200.680836413889
Tropics,SAT7,772,FFSS_22.0_FOR,13930.82682144632,13984.738152019057
Tropics,SAT7,1021,FFSS_22.0_FOR,6361.340257126552,6415.549861183258
Tropics,SAT7,8,FFSS_22.0_FOR,4167.188504176218,4221.8356459809465
Tropics,SAT7,8,FFSS_22.0_FOR,10108.969912486917,10163.824585310125
Tropics,SAT7,356,FFSS_22.0_FOR,8980.099053502394,9035.286411577046
Tropics,SAT7,752,FFSS_22.0_FOR,203.78260868914248,257.41136661479413
Tropics,SAT7,894,FFSS_22.0_FOR,472.4056262283748,527.0085626069755
Tropics,SAT7,1138,FFSS_22.0_FOR,12348.866690699919,12403.394253203896
Tropics,SAT7,1018,FFSS_22.0_FOR,12103.295244864501,12159.556583881595
Tropics,SAT7,1137,FFSS_22.0_FOR,12272.723897993672,12327.303919423051
Tropics,SAT7,1137,FFSS_22.0_FOR,18224.99048663634,18281.901507807364
Tropics,SAT7,427,FFSS_22.0_FOR,3110.167464735222,3164.290435955298
Tropics,SAT7,359,FFSS_22.0_FOR,3224.4140019988554,3278.6428519555384
Tropics,SAT7,955,FFSS_22.0_FOR,6150.31173674309,6205.266963982275
Tropics,SAT7,1078,FFSS_22.0_FOR,12132.212369731196,12186.466910910844
Tropics,SAT7,913,FFSS_22.0_FOR,8023.517729504976,8077.415148777083
Tropics,SAT7,125,FFSS_22.0_FOR,4858.1372466893845,4913.178108157012
Tropics,SAT7,1087,FFSS_22.0_FOR,898.6409257033057,953.8445113855865
Tropics,SAT7,1087,FFSS_22.0_FOR,18845.29640198719,18901.04322450123
Tropics,SAT7,1092,FFSS_22.0_FOR,13267.462907537647,13321.83314566429
Tropics,SAT7,448,FFSS_22.0_FOR,16782.210446612517,16836.570264943206
Tropics,SAT7,893,FFSS_22.0_FOR,409.42369421668474,463.2742862409862
Tropics,SAT7,952,FFSS_22.0_FOR,11899.58939282984,11953.747043490079
Tropics,SAT7,960,FFSS_22.0_FOR,529.8346450899174,583.8119347022526
Tropics,SAT7,1034,FFSS_22.0_FOR,13396.335354521894,13450.737559637371
Tropics,SAT7,1075,FFSS_22.0_FOR,17858.736120386864,17913.404422538806
Tropics,SAT7,1033,FFSS_22.0_FOR,13324.888929563234,13381.194378715041
Tropics,SAT7,185,FFSS_22.0_FOR,4887.652267237958,4942.2213368397515
Tropics,SAT7,157,FFSS_22.0_FOR,20685.63098603858,20740.296432716063
Tropics,SAT7,115,FFSS_22.0_FOR,16019.05731616531,16074.626020156875
Tropics,SAT7,823,FFSS_22.0_FOR,290.7165371638119,344.50200643384886
Tropics,SAT7,1024,FFSS_22.0_FOR,621.6025475966724,676.3462342536927
Tropics,SAT7,124,FFSS_22.0_FOR,4787.397712611382,4841.642852541758
Tropics,SAT7,1093,FFSS_22.0_FOR,13338.958320720805,13393.760131204452
Tropics,SAT7,250,FFSS_22.0_FOR,5072.80917964651,5126.7412055395125
Tropics,SAT7,947,FFSS_22.0_FOR,17519.65588812148,17573.627135751536
Tropics,SAT7,968,FFSS_22.0_FOR,19187.179829952736,19241.533831340414
Tropics,SAT7,121,FFSS_22.0_FOR,10512.19326315203,10567.016090269846
Tropics,SAT7,228,FFSS_22.0_FOR,3340.127214506872,3394.541359868773
Tropics,SAT7,815,FFSS_22.0_FOR,11690.546696257332,11745.489008598202
Tropics,SAT7,1096,FFSS_22.0_FOR,7613.93906782817,7668.265133165952
Tropics,SAT7,1020,FFSS_22.0_FOR,6293.776314207852,6348.296802845025
Tropics,SAT7,289,FFSS_22.0_FOR,9024.844121175123,9078.915540993672
Tropics,SAT7,66,FFSS_22.0_FOR,4663.5964590786025,4718.191955529073
Tropics,SAT7,890,FFSS_22.0_FOR,6165.362695154275,6221.231358905905
Tropics,SAT7,493,FFSS_22.0_FOR,8698.700135748208,8752.446013452225
Tropics,SAT7,780,FFSS_22.0_FOR,2522.885352666837,2578.0886485464434
Tropics,SAT7,52,FFSS_22.0_FOR,9491.821837739215,9546.307267285922
Tropics,SAT7,52,FFSS_22.0_FOR,21417.379575837156,21473.61529387338
Tropics,SAT7,105,FFSS_22.0_FOR,15285.494884960515,15341.1067034299
Tropics,SAT7,1151,FFSS_22.0_FOR,7444.640255819448,7499.122119798676
Tropics,SAT7,53,FFSS_22.0_FOR,9569.375817009788,9624.369009436214
Tropics,SAT7,53,FFSS_22.0_FOR,21498.531240998,21553.75202652924
Tropics,SAT7,104,FFSS_22.0_FOR,15206.570079677238,15261.322771383242
Tropics,SAT7,559,FFSS_22.0_FOR,14235.392544902043,14289.068784008306
Tropics,SAT7,555,FFSS_22.0_FOR,19941.997834882153,19996.313659934505
Tropics,SAT7,451,FFSS_22.0_FOR,11017.948235396703,11073.022874541983
Tropics,SAT7,738,FFSS_22.0_FOR,17193.606433659144,17247.239904547114
Tropics,SAT7,1144,FFSS_22.0_FOR,921.2698673759785,976.1358138061053
Tropics,SAT7,1144,FFSS_22.0_FOR,6871.12385550328,6927.720337896154
Tropics,SAT7,1144,FFSS_22.0_FOR,18796.52864401593,18851.03332556669
Tropics,SAT7,1133,FFSS_22.0_FOR,17911.076242741063,17965.932173796184
Tropics,SAT7,766,FFSS_22.0_FOR,19512.732945635147,19567.905166472265
Tropics,SAT7,666,FFSS_22.0_FOR,17118.210128029452,17172.704486650884
Tropics,SAT7,592,FFSS_22.0_FOR,16926.059949100356,16980.189539433453
Tropics,SAT7,626,FFSS_22.0_FOR,19781.32266220673,19835.04135915894
Tropics,SAT7,1139,FFSS_22.0_FOR,12427.100354120515,12482.34714754017
Tropics,SAT7,351,FFSS_22.0_FOR,14609.599166014768,14663.761960364553
Tropics,SAT7,414,FFSS_22.0_FOR,20148.83158964817,20202.780975578717
Tropics,SAT7,842,FFSS_22.0_FOR,13859.78153831283,13915.311786978162
Tropics,SAT7,880,FFSS_22.0_FOR,17424.364583858125,17478.190678673414
Tropics,SAT7,903,FFSS_22.0_FOR,19281.515228001128,19336.645770831525
Tropics,SAT7,375,FFSS_22.0_FOR,16556.933806370886,16612.478308636233
Tropics,SAT7,565,FFSS_22.0_FOR,8646.704085945337,8702.53319663174
Tropics,SAT7,160,FFSS_22.0_FOR,14959.213817977598,15013.560884189048
Tropics,SAT7,280,FFSS_22.0_FOR,20329.941091693516,20384.342055406567
Tropics,SAT7,241,FFSS_22.0_FOR,16377.752257430458,16431.716093828018
Tropics,SAT7,484,FFSS_22.0_FOR,20045.255441087254,20099.34997650136
Tropics,SAT7,771,FFSS_22.0_FOR,13870.25267461099,13924.60049894951
Tropics,SAT7,221,FFSS_22.0_FOR,14802.208818555586,14856.567667068137
Tropics,SAT7,1140,FFSS_22.0_FOR,6559.849889485056,6615.157329378065
Tropics,SAT7,1140,FFSS_22.0_FOR,12507.292438309893,12563.557003504215
Tropics,SAT7,223,FFSS_22.0_FOR,14939.807857503938,14996.335931633073
Tropics,SAT7,777,FFSS_22.0_FOR,8287.19503826878,8341.65940159033
Tropics,SAT7,528,FFSS_22.0_FOR,5469.69370942328,5524.627418608226
Tropics,SAT7,1044,FFSS_22.0_FOR,2184.848299107602,2240.8074126387423
Tropics,SAT7,818,FFSS_22.0_FOR,5929.5470433491255,5983.906020850875
Tropics,SAT7,386,FFSS_22.0_FOR,5341.571918964585,5395.907104203618
Tropics,SAT7,814,FFSS_22.0_FOR,11629.47331565145,11683.151206260862
Tropics,SAT7,158,FFSS_22.0_FOR,20760.55953635077,20816.837748400278
Tropics,SAT7,1080,FFSS_22.0_FOR,12280.701025556722,12337.349379793264
Tropics,SAT7,222,FFSS_22.0_FOR,14870.10605135801,14924.59612706475
Tropics,SAT7,311,FFSS_22.0_FOR,10773.484437668303,10829.09397299337
Tropics,SAT7,63,FFSS_22.0_FOR,4427.513687295117,4483.756458484918
Tropics,SAT7,63,FFSS_22.0_FOR,10375.691210560208,10431.035757571959
Tropics,SAT7,242,FFSS_22.0_FOR,16441.38410388566,16496.132529880724
Tropics,SAT7,523,FFSS_22.0_FOR,11157.511814729924,11172.305847788015
Tropics,SAT7,286,FFSS_22.0_FOR,14775.121832414541,14830.606639663685
Tropics,SAT7,413,FFSS_22.0_FOR,20087.75588399182,20142.210489603454
Tropics,SAT7,841,FFSS_22.0_FOR,13800.340448891187,13854.128079169193
Tropics,SAT7,1154,FFSS_22.0_FOR,1729.6677641481328,1784.4053166057658
Tropics,SAT7,98,FFSS_22.0_FOR,20693.723874188243,20749.712399741555
Tropics,SAT7,59,FFSS_22.0_FOR,10063.360971902224,10119.93688145591
Tropics,SAT7,59,FFSS_22.0_FOR,16014.739072826394,16069.630501462803
Tropics,SAT7,909,FFSS_22.0_FOR,13715.586952030526,13769.9413119402
Tropics,SAT7,976,FFSS_22.0_FOR,7815.380503443135,7871.109262597401
Tropics,SAT7,376,FFSS_22.0_FOR,16619.905774776842,16673.60377958416
Tropics,SAT7,1085,FFSS_22.0_FOR,753.3287935464487,808.2844150026796
Tropics,SAT7,1083,FFSS_22.0_FOR,6551.967172480475,6606.971534455713
Tropics,SAT7,1073,FFSS_22.0_FOR,17714.981652542207,17770.77980473786
Tropics,SAT7,102,FFSS_22.0_FOR,15054.936682448417,15110.300494470339
Tropics,SAT7,102,FFSS_22.0_FOR,21002.457573965898,21058.75580145746
Tropics,SAT7,519,FFSS_22.0_FOR,16824.68766091179,16878.5699830749
Tropics,SAT7,120,FFSS_22.0_FOR,10440.954922375126,10495.232002767054
Tropics,SAT7,1082,FFSS_22.0_FOR,6478.566468355471,6532.805668032185
Tropics,SAT7,423,FFSS_22.0_FOR,8810.077412225548,8863.883871434497
Tropics,SAT7,851,FFSS_22.0_FOR,2521.5789086139557,2576.491094118833
Tropics,SAT7,1097,FFSS_22.0_FOR,7684.937570537941,7739.94048607934
Tropics,SAT7,55,FFSS_22.0_FOR,3778.016731450164,3832.655975793722
Tropics,SAT7,55,FFSS_22.0_FOR,9730.30103062546,9787.230457344542
Tropics,SAT7,55,FFSS_22.0_FOR,15699.061758356936,15755.947865649801
Tropics,SAT7,1156,FFSS_22.0_FOR,1880.5467543554007,1935.9457005355218
Tropics,SAT7,1079,FFSS_22.0_FOR,12205.332404684072,12260.157820534929
Tropics,SAT7,61,FFSS_22.0_FOR,10224.848706434288,10279.539954395432
Tropics,SAT7,1077,FFSS_22.0_FOR,12061.069705982287,12116.54756007292
Tropics,SAT7,156,FFSS_22.0_FOR,20612.906618265693,20667.31692521367
Tropics,SAT7,1101,FFSS_22.0_FOR,2030.8502851123371,2086.0915425862636
Tropics,SAT7,1089,FFSS_22.0_FOR,18992.912857176427,19047.549085804316
Tropics,SAT7,116,FFSS_22.0_FOR,16094.449057284979,16148.785479570382
Tropics,SAT7,569,FFSS_22.0_FOR,2940.4142778627097,2994.370803074803
Tropics,SAT7,350,FFSS_22.0_FOR,14546.783084996638,14601.102739767652
Tropics,SAT7,1199,FFSS_22.0_FOR,1114.4888671192502,1169.7064552728293
Tropics,SAT7,1199,FFSS_22.0_FOR,7054.757279715517,7109.408180954758
Tropics,SAT7,1199,FFSS_22.0_FOR,12994.10124918148,13049.423246298371
Tropics,SAT7,11,FFSS_22.0_FOR,4418.442035468775,4473.1808616455555
Tropics,SAT7,554,FFSS_22.0_FOR,19882.76503934579,19936.635228940886
Tropics,SAT7,418,FFSS_22.0_FOR,14448.93314703423,14502.823140983497
Tropics,SAT7,846,FFSS_22.0_FOR,8161.177987943796,8215.28390759883
Tropics,SAT7,1206,FFSS_22.0_FOR,1694.0266531010732,1749.6977824300377
Tropics,SAT7,6,FFSS_22.0_FOR,4000.643366606638,4055.493689739936
Tropics,SAT7,6,FFSS_22.0_FOR,15878.561467614269,15934.66779646446
Tropics,SAT7,347,FFSS_22.0_FOR,20302.41291962162,20357.448104261013
Tropics,SAT7,912,FFSS_22.0_FOR,7959.348862534549,8014.330225865438
Tropics,SAT7,1152,FFSS_22.0_FOR,1568.1604135493503,1624.763447571377
Tropics,SAT7,1152,FFSS_22.0_FOR,7519.587287610621,7574.531630581644
Tropics,SAT7,65,FFSS_22.0_FOR,4587.576328235543,4642.095857703406
Tropics,SAT7,635,FFSS_22.0_FOR,8419.104919833202,8473.821832887494
Tropics,SAT7,1197,FFSS_22.0_FOR,6887.034511805038,6941.694250074462
Tropics,SAT7,1197,FFSS_22.0_FOR,12830.153142846013,12884.794134828162
Tropics,SAT7,885,FFSS_22.0_FOR,11794.73628109179,11849.216778903548
Tropics,SAT7,849,FFSS_22.0_FOR,2398.550347084904,2454.2293995194177
Tropics,SAT7,119,FFSS_22.0_FOR,10366.02481341242,10421.364175329401
Tropics,SAT7,675,FFSS_22.0_FOR,5764.208714224411,5817.894518338631
Tropics,SAT7,1202,FFSS_22.0_FOR,1363.376783863535,1418.0241275610035
Tropics,SAT7,1202,FFSS_22.0_FOR,7304.090225650745,7359.152455767937
Tropics,SAT7,285,FFSS_22.0_FOR,14709.665260650636,14763.689248987808
Tropics,SAT7,982,FFSS_22.0_FOR,2262.195049716966,2316.4739564180636
Tropics,SAT7,597,FFSS_22.0_FOR,11274.665312234043,11328.472270291584
Tropics,SAT7,679,FFSS_22.0_FOR,57.34750143440559,111.20118779236161
Tropics,SAT7,251,FFSS_22.0_FOR,5135.300618832804,5190.899941129433
Tropics,SAT7,948,FFSS_22.0_FOR,17584.672976567184,17639.32783437303
Tropics,SAT7,603,FFSS_22.0_FOR,5681.32824286006,5735.811621166851
Tropics,SAT7,293,FFSS_22.0_FOR,3287.259552265328,3341.500949579767
Tropics,SAT7,103,FFSS_22.0_FOR,15129.70874448693,15184.208463708868
Tropics,SAT7,54,FFSS_22.0_FOR,3703.93156099919,3759.936654052307
Tropics,SAT7,54,FFSS_22.0_FOR,9648.949970830572,9704.899467140836
Tropics,SAT7,54,FFSS_22.0_FOR,21577.40641769649,21600.0
Tropics,SAT7,558,FFSS_22.0_FOR,14175.240247675598,14230.852209156086
Tropics,SAT7,702,FFSS_22.0_FOR,14060.003708988963,14114.39407205365
Tropics,SAT7,630,FFSS_22.0_FOR,14070.339279585605,14125.630340369704
Tropics,SAT7,1039,FFSS_22.0_FOR,7791.981921977388,7846.288717094395
Tropics,SAT7,914,FFSS_22.0_FOR,8084.3961381346135,8140.061077438668
Tropics,SAT7,1030,FFSS_22.0_FOR,19068.858772209365,19123.141462892658
Tropics,SAT7,520,FFSS_22.0_FOR,16883.96737577834,16937.98165889175
Tropics,SAT7,1074,FFSS_22.0_FOR,17785.891868109848,17840.192584463708
Tropics,SAT7,428,FFSS_22.0_FOR,3171.2254992235135,3225.415831877754
Tropics,SAT7,957,FFSS_22.0_FOR,6280.082633477494,6335.463997404138
Tropics,SAT7,51,FFSS_22.0_FOR,9416.365722886083,9471.28623733928
Tropics,SAT7,51,FFSS_22.0_FOR,15366.295432819146,15422.921138866242
Tropics,SAT7,1149,FFSS_22.0_FOR,7286.158465852101,7342.083848260149
Tropics,SAT7,1149,FFSS_22.0_FOR,13230.882721610667,13286.93628458475
Tropics,SAT7,1148,FFSS_22.0_FOR,1235.1234805725937,1292.028190475946
Tropics,SAT7,1148,FFSS_22.0_FOR,7203.859918243147,7260.767844028606
Tropics,SAT7,1148,FFSS_22.0_FOR,13158.242783091267,13212.895179695954
Tropics,SAT7,1016,FFSS_22.0_FOR,11965.973518417393,12020.31657809082
Tropics,SAT7,697,FFSS_22.0_FOR,19707.7265813007,19761.656890358263
Tropics,SAT7,1031,FFSS_22.0_FOR,19136.08025715628,19190.705123132266
Tropics,SAT7,106,FFSS_22.0_FOR,9416.365722886081,9471.28623733928
Tropics,SAT7,106,FFSS_22.0_FOR,15366.295432819144,15422.921138866239
Tropics,SAT7,216,FFSS_22.0_FOR,20435.505695722222,20463.883637713196
Tropics,SAT7,1147,FFSS_22.0_FOR,1153.7893841182604,1209.70318649697
Tropics,SAT7,1147,FFSS_22.0_FOR,13082.230051042969,13136.793478804684
Tropics,SAT7,637,FFSS_22.0_FOR,8535.811334326409,8561.92098873844
Tropics,SAT7,229,FFSS_22.0_FOR,3404.7874462417726,3459.0340150135567
Tropics,SAT7,1026,FFSS_22.0_FOR,757.9903915238242,813.5607775360505
Tropics,SAT7,424,FFSS_22.0_FOR,8871.219339015943,8926.860350959078
Tropics,SAT7,961,FFSS_22.0_FOR,594.8406150241236,649.4785764467308
Tropics,SAT7,1,FFSS_22.0_FOR,9566.299259592688,9586.27425680158
Tropics,SAT7,1,FFSS_22.0_FOR,15465.706740821992,15520.349883437237
Tropics,SAT7,1,FFSS_22.0_FOR,21408.248430841162,21462.990387475646
Tropics,SAT7,49,FFSS_22.0_FOR,15299.935205629743,15354.947334498469
Tropics,SAT7,49,FFSS_22.0_FOR,21241.30743092958,21295.954730092635
Tropics,SAT7,560,FFSS_22.0_FOR,14294.372131137854,14349.334849946219
Tropics,SAT7,178,FFSS_22.0_FOR,16300.301309378712,16354.743650058499
Tropics,SAT7,1012,FFSS_22.0_FOR,17638.195409429598,17692.4056507064
Tropics,SAT7,58,FFSS_22.0_FOR,4012.600657616761,4068.889563944598
Tropics,SAT7,58,FFSS_22.0_FOR,15939.810894577591,15994.24365799494
Tropics,SAT7,837,FFSS_22.0_FOR,19499.59893972522,19554.062859042624
Tropics,SAT7,1153,FFSS_22.0_FOR,1649.9369386336855,1705.525254832901
Tropics,SAT7,99,FFSS_22.0_FOR,20767.825288871485,20822.461105434566
Tropics,SAT7,312,FFSS_22.0_FOR,10838.557469920033,10892.374033277252
Tropics,SAT7,64,FFSS_22.0_FOR,4508.680636722341,4563.907594812689
Tropics,SAT7,593,FFSS_22.0_FOR,16984.794101970707,17038.554479389764
Tropics,SAT7,380,FFSS_22.0_FOR,10919.2234256544,10973.693591560472
Tropics,SAT7,640,FFSS_22.0_FOR,2767.792504935733,2822.0577147634217
Tropics,SAT7,159,FFSS_22.0_FOR,14888.171088550627,14943.88455859564
Tropics,SAT7,607,FFSS_22.0_FOR,0.0,25.199179544311942
Tropics,SAT7,497,FFSS_22.0_FOR,2995.2152268567156,3049.340178678981
Tropics,SAT7,1095,FFSS_22.0_FOR,7539.233656975073,7594.525936460978
Tropics,SAT7,608,FFSS_22.0_FOR,29.524779866893844,84.55382148843577
Tropics,SAT7,483,FFSS_22.0_FOR,19985.038660787843,20039.147343247998
Tropics,SAT7,1088,FFSS_22.0_FOR,18920.924020985763,18975.36520992761
Tropics,SAT7,974,FFSS_22.0_FOR,13630.00433815125,13685.718456979932
Tropics,SAT7,182,FFSS_22.0_FOR,10628.252708326665,10682.536323943557
Tropics,SAT7,288,FFSS_22.0_FOR,8985.35829365556,9016.743751053697
Tropics,SAT7,281,FFSS_22.0_FOR,20394.610966547745,20448.86852359844
Tropics,SAT7,978,FFSS_22.0_FOR,7946.29371422988,8001.1303624004795
Tropics,SAT7,1146,FFSS_22.0_FOR,1074.2353560294682,1129.1836337687732
Tropics,SAT7,1146,FFSS_22.0_FOR,13003.341379788222,13058.601166815022
Tropics,SAT7,240,FFSS_22.0_FOR,16310.530024917432,16366.156743554713
Tropics,SAT7,456,FFSS_22.0_FOR,5375.46602112989,5429.710371077577
Tropics,SAT7,743,FFSS_22.0_FOR,11550.33623086709,11604.308507083206
Tropics,SAT7,1035,FFSS_22.0_FOR,13464.065741863013,13518.508773167994
Tropics,SAT7,447,FFSS_22.0_FOR,16722.5061423015,16776.245709242048
Tropics,SAT7,710,FFSS_22.0_FOR,2646.1283650650435,2700.8154678879464
Tropics,SAT7,290,FFSS_22.0_FOR,9089.873148295977,9144.612221158392
Tropics,SAT7,123,FFSS_22.0_FOR,4712.934378368088,4768.062720092533
Tropics,SAT7,4,FFSS_22.0_FOR,9774.483751528427,9829.125681692864
Tropics,SAT7,4,FFSS_22.0_FOR,15717.509571749373,15772.182561311565
Tropics,SAT7,46,FFSS_22.0_FOR,20990.447895261696,21045.296461662816
Tropics,SAT7,186,FFSS_22.0_FOR,4956.13477694817,5010.303797160475
Tropics,SAT7,1192,FFSS_22.0_FOR,12414.171685575422,12469.709481792936
Tropics,SAT7,1192,FFSS_22.0_FOR,18353.199846814186,18407.846144537503
Tropics,SAT7,316,FFSS_22.0_FOR,5145.343887433944,5199.675785796447
Tropics,SAT7,881,FFSS_22.0_FOR,17487.663553614184,17543.33887989802
Tropics,SAT7,973,FFSS_22.0_FOR,13567.516483426743,13621.54531280925
Tropics,SAT7,100,FFSS_22.0_FOR,20843.990997377845,20898.569226096704
Tropics,SAT7,245,FFSS_22.0_FOR,10692.470685737675,10746.73920675839
Tropics,SAT7,627,FFSS_22.0_FOR,19839.454078986233,19894.077809218124
Tropics,SAT7,7,FFSS_22.0_FOR,10026.585221965557,10081.224289805814
Tropics,SAT7,161,FFSS_22.0_FOR,15032.211585097564,15087.021579575221
Tropics,SAT7,711,FFSS_22.0_FOR,2706.163462517189,2759.8881573083604
Tropics,SAT7,111,FFSS_22.0_FOR,3725.4877675403427,3780.652336184872
Tropics,SAT7,57,FFSS_22.0_FOR,3932.4041711999816,3987.6859187553255
Tropics,SAT7,57,FFSS_22.0_FOR,15861.826373905458,15916.757439022444
Tropics,SAT7,1201,FFSS_22.0_FOR,1279.3262975824618,1333.9532132232807
Tropics,SAT7,1201,FFSS_22.0_FOR,7222.339629390627,7277.033134932076
Tropics,SAT7,706,FFSS_22.0_FOR,8353.644094043626,8407.311717434646
Tropics,SAT7,953,FFSS_22.0_FOR,11965.505991398033,11998.14403283897
Tropics,SAT7,636,FFSS_22.0_FOR,8478.205149880163,8531.90110737751
Tropics,SAT7,737,FFSS_22.0_FOR,17133.17354031118,17187.885523463552
Tropics,SAT7,917,FFSS_22.0_FOR,2330.721541147916,2384.79162127521
Tropics,SAT7,47,FFSS_22.0_FOR,21073.179018857303,21127.83178556643
Tropics,SAT7,3,FFSS_22.0_FOR,9691.331158150691,9746.075518879437
Tropics,SAT7,3,FFSS_22.0_FOR,15634.126185238792,15688.756862028698
Tropics,SAT7,767,FFSS_22.0_FOR,19574.19729390207,19627.905048027176
Tropics,SAT7,230,FFSS_22.0_FOR,3470.7141322707357,3519.8527958706095
Tropics,SAT7,888,FFSS_22.0_FOR,6039.294972126908,6093.898650098281
Tropics,SAT7,355,FFSS_22.0_FOR,8916.952754510206,8970.836374350798
Tropics,SAT7,0,FFSS_22.0_FOR,15382.182366370072,15436.865200237338
Tropics,SAT7,0,FFSS_22.0_FOR,21325.32474664996,21379.95351835375
Tropics,SAT7,489,FFSS_22.0_FOR,14401.958986907699,14456.73342285229
Tropics,SAT7,776,FFSS_22.0_FOR,8227.462326715278,8281.320663500179
Tropics,SAT7,1099,FFSS_22.0_FOR,1886.1155582428078,1941.2080520084396
Tropics,SAT7,307,FFSS_22.0_FOR,16467.569925538282,16522.010862077568
Tropics,SAT7,50,FFSS_22.0_FOR,15382.18236637007,15436.865200237338
Tropics,SAT7,50,FFSS_22.0_FOR,21325.324746649963,21379.95351835375
Tropics,SAT7,346,FFSS_22.0_FOR,20239.312442946048,20293.205156818745
Tropics,SAT7,9,FFSS_22.0_FOR,4251.48560430858,4306.131195254319
Tropics,SAT7,9,FFSS_22.0_FOR,10189.180766004965,10244.817638109831
Tropics,SAT7,498,FFSS_22.0_FOR,3055.4381573360006,3109.5169830113223
Tropics,SAT7,670,FFSS,11411.705300942345,11465.250691514504
Tropics,SAT7,1200,FFSS,1196.187726094424,1250.9071612532205
Tropics,SAT7,1200,FFSS,7138.954595688142,7193.594689697914
Tropics,SAT7,1191,FFSS,18269.145303742414,18323.771032499284
Tropics,SAT7,850,FFSS,2461.5641336089843,2515.3750307132073
Tropics,SAT7,1196,FFSS,12746.137296201146,12800.786487746931
Tropics,SAT7,1190,FFSS,18185.99818960796,18240.714794473068
Tropics,SAT7,385,FFSS,5281.006829145235,5334.849734433998
Tropics,SAT7,1194,FFSS,12578.027079555697,12632.659858776757
Tropics,SAT7,1194,FFSS,18521.2290136695,18575.884851359897
Tropics,SAT7,1203,FFSS,1447.6646939624313,1502.3102824276211
Tropics,SAT7,1142,FFSS,6711.437356762989,6766.142306738757
Tropics,SAT7,1145,FFSS,996.7029995145515,1051.1373124254687
Tropics,SAT7,1043,FFSS,2119.82872928596,2174.041926086467
Tropics,SAT7,10,FFSS,4335.507612320277,4390.135172498925
Tropics,SAT7,110,FFSS,3651.929194158521,3706.242141766719
Tropics,SAT7,457,FFSS,5436.037554862761,5489.827896537378
Tropics,SAT7,317,FFSS,5208.599194977565,5262.570180869532
Tropics,SAT7,781,FFSS,2584.378042476358,2638.085326048338
Tropics,SAT7,631,FFSS,14129.794707320996,14183.440804029688
Tropics,SAT7,1155,FFSS,1806.7158375958827,1861.2195971160463
Tropics,SAT7,1205,FFSS,1613.8047375164629,1647.0396529752027
Tropics,SAT7,665,FFSS,17059.12575992964,17112.753325323305
Tropics,SAT7,62,FFSS,10301.880227361982,10356.332628376489
Tropics,SAT7,488,FFSS,14341.907390718638,14395.661470779583
Tropics,SAT7,226,FFSS,9197.682644038394,9252.032258986728
Tropics,SAT7,168,FFSS,3525.292498244474,3579.537656872226
Tropics,SAT7,164,FFSS,9305.55441790893,9359.86944800289
Tropics,SAT7,908,FFSS,13652.99949543659,13707.135091999417
Tropics,SAT7,641,FFSS,2826.5578892774693,2880.426231113688
Tropics,SAT7,602,FFSS,5623.200796522276,5676.80736505083
Tropics,SAT7,1195,FFSS,12661.84585867309,12716.484960963031
Tropics,SAT7,1198,FFSS,6970.546098488029,7025.176287073896
Tropics,SAT7,1198,FFSS,12913.080750206946,12967.845308764208
Tropics,SAT7,177,FFSS,16232.836323191948,16287.09382187717
Tropics,SAT7,217,FFSS,20474.44436081756,20528.692673632286
Tropics,SAT7,819,FFSS,5990.606161721846,6044.4371462526915
Tropics,SAT7,884,FFSS,11731.792925313088,11785.687000459739
Tropics,SAT7,1134,FFSS,17986.525896388066,18040.960205931016
Tropics,SAT7,1193,FFSS,12495.310563925299,12550.13069653997
Tropics,SAT7,1193,FFSS,18437.486497908478,18492.130794292567
Tropics,SAT7,308,FFSS,16531.02780003238,16584.941015434535
Tropics,SAT7,1143,FFSS,18719.50455548801,18774.236035824957
Tropics,SAT7,701,FFSS,14000.976564238708,14054.810026276513
Tropics,SAT7,836,FFSS,19439.04261779841,19492.98645683545
Tropics,SAT7,5,FFSS,9858.54388752015,9913.195322302803
Tropics,SAT7,381,FFSS,10980.962979451791,11034.739138805871
Tropics,SAT7,904,FFSS,19345.89084154124,19399.775278567526
Tropics,SAT7,524,FFSS,11177.426287022634,11231.031857294109
Tropics,SAT7,48,FFSS,21157.00928042005,21211.657706577193
Tropics,SAT7,2,FFSS,15549.92638163649,15604.578140222298
Tropics,SAT7,1038,FFSS,7723.742700690105,7778.300610395675
Tropics,SAT7,1013,FFSS,17706.184973785825,17760.67628192679
Tropics,SAT7,1025,FFSS,688.9665188902763,743.0905350749266
Tropics,SAT7,181,FFSS,10560.278862318199,10614.674364096622
Tropics,SAT7,56,FFSS,3854.1655552175466,3908.7394347313725
Tropics,SAT7,1017,FFSS,12033.74605103465,12088.078472555238
Tropics,SAT7,564,FFSS,8587.938820192061,8641.644279815731
Tropics,SAT7,452,FFSS,11079.410641714987,11133.00366259342
Tropics,SAT7,889,FFSS,6102.009071325941,6155.871709909634
Tropics,SAT7,747,FFSS,5846.996244004038,5900.637977050844
Tropics,SAT7,981,FFSS,2197.342098154966,2251.7091398041384
Tropics,SAT7,529,FFSS,5530.012582720513,5583.563318477118
Tropics,SAT7,956,FFSS,6214.649647558944,6268.576765155677
Tropics,SAT7,246,FFSS,10757.294054841464,10783.718988435428
Tropics,SAT7,1100,FFSS,1960.351941703673,2014.6609136792636
Tropics,SAT7,1086,FFSS,824.95512585071,879.208366692522
Tropics,SAT7,772,FFSS,13930.82647435991,13984.73810244197
Tropics,SAT7,1021,FFSS,6361.340253352008,6415.549796816135
Tropics,SAT7,8,FFSS,4167.1885041721325,4221.835645980946
Tropics,SAT7,752,FFSS,203.78266190353702,257.4113664789422
Tropics,SAT7,1138,FFSS,12348.866690645615,12403.394252231199
Tropics,SAT7,1137,FFSS,12272.723891787851,12327.30442240196
Tropics,SAT7,1078,FFSS,12132.212369730654,12186.466907874355
Tropics,SAT7,913,FFSS,8023.51773346903,8077.415148393553
Tropics,SAT7,893,FFSS,409.42337774013015,463.27381036418757
Tropics,SAT7,952,FFSS,11899.58927882459,11953.747013437138
Tropics,SAT7,960,FFSS,529.8346451561418,583.8119347095453
Tropics,SAT7,1034,FFSS,13396.335354611227,13450.737554095593
Tropics,SAT7,157,FFSS,20685.63098603573,20740.296623541813
Tropics,SAT7,823,FFSS,290.7165363610194,344.50200578886137
Tropics,SAT7,124,FFSS,4787.3976987472515,4841.642852541685
Tropics,SAT7,250,FFSS,5072.809179646681,5126.741202924746
Tropics,SAT7,968,FFSS,19187.17982189528,19241.533831339522
Tropics,SAT7,1096,FFSS,7613.939067832734,7668.26513316592
Tropics,SAT7,289,FFSS,9024.84412123518,9078.915540993867
Tropics,SAT7,66,FFSS,4663.59645813135,4718.191943684654
Tropics,SAT7,493,FFSS,8698.700131789197,8752.44601324933
Tropics,SAT7,52,FFSS,9491.821837751198,9546.307267286149
Tropics,SAT7,1151,FFSS,7444.640255847454,7499.1221197988425
Tropics,SAT7,104,FFSS,15206.570079747627,15261.322770653967
Tropics,SAT7,559,FFSS,14235.392544907116,14289.068784018447
Tropics,SAT7,738,FFSS,17193.606433624955,17247.23990421316
Tropics,SAT7,1144,FFSS,18796.52864358803,18851.033318245725
Tropics,SAT7,626,FFSS,19781.322639281418,19835.04135436545
Tropics,SAT7,351,FFSS,14609.599357016097,14663.76192257137
Tropics,SAT7,414,FFSS,20148.831519724947,20202.780975577924
Tropics,SAT7,880,FFSS,17424.364583920877,17478.19067859066
Tropics,SAT7,160,FFSS,14959.21381797255,15013.560838595065
Tropics,SAT7,241,FFSS,16377.752559639272,16431.716093783845
Tropics,SAT7,484,FFSS,20045.25546772262,20073.82083225247
Tropics,SAT7,221,FFSS,14802.208355774446,14856.568279969486
Tropics,SAT7,814,FFSS,11629.47331565145,11683.151206272107
Tropics,SAT7,222,FFSS,14870.106051387815,14924.596068751669
Tropics,SAT7,841,FFSS,13800.340448897141,13854.128079177963
Tropics,SAT7,1154,FFSS,1729.667628822382,1784.405316489659
Tropics,SAT7,376,FFSS,16619.905774776842,16673.603779597117
Tropics,SAT7,519,FFSS,16824.687875021235,16878.56998308027
Tropics,SAT7,120,FFSS,10440.954922375126,10495.231295867363
Tropics,SAT7,1082,FFSS,6478.566468302479,6532.805201473163
Tropics,SAT7,423,FFSS,8810.077412251843,8863.883816118481
Tropics,SAT7,55,FFSS,3778.0168292704043,3832.65654683532
Tropics,SAT7,61,FFSS,10224.84870649001,10279.540466602999
Tropics,SAT7,156,FFSS,20612.906661307657,20667.31690325371
Tropics,SAT7,116,FFSS,16094.449057278278,16148.785478065842
Tropics,SAT7,569,FFSS,2940.4145199129807,2994.3707931203558
Tropics,SAT7,1199,FFSS,7054.757439028148,7109.408180954867
Tropics,SAT7,11,FFSS,4418.4420354481545,4473.180842412937
Tropics,SAT7,554,FFSS,19882.76503934572,19936.63522894389
Tropics,SAT7,418,FFSS,14448.93314703792,14502.823140878865
Tropics,SAT7,846,FFSS,8161.177987309606,8170.918603163349
Tropics,SAT7,6,FFSS,4000.643387021149,4055.4928358225206
Tropics,SAT7,65,FFSS,4587.576328237218,4642.095857268857
Tropics,SAT7,1197,FFSS,6887.034459318769,6941.694811139874
Tropics,SAT7,1197,FFSS,12830.153142524487,12884.794736879026
Tropics,SAT7,675,FFSS,5764.208712414607,5817.894518274938
Tropics,SAT7,1202,FFSS,1363.376783863535,1418.0241275610035
Tropics,SAT7,285,FFSS,14709.66526052789,14763.689248987808
Tropics,SAT7,982,FFSS,2262.195049730897,2296.7355545923697
Tropics,SAT7,597,FFSS,11274.665302359374,11328.472169778515
Tropics,SAT7,293,FFSS,3287.259547714047,3341.5009495846994
Tropics,SAT7,103,FFSS,15129.70874448401,15184.20845480728
Tropics,SAT7,54,FFSS,21577.406412772012,21600.0
Tropics,SAT7,1039,FFSS,7791.981921982064,7846.288660248103
Tropics,SAT7,1030,FFSS,19068.858772269446,19123.141442852262
Tropics,SAT7,1074,FFSS,17785.892126257135,17840.192584462195
Tropics,SAT7,428,FFSS,3171.2254547933726,3198.1933855471234
Tropics,SAT7,1148,FFSS,13158.242783092033,13212.89556198201
Tropics,SAT7,1016,FFSS,12010.169788322926,12020.31657788772
Tropics,SAT7,697,FFSS,19707.726657397834,19761.65689035798
Tropics,SAT7,1147,FFSS,13082.230050842443,13136.794013069773
Tropics,SAT7,229,FFSS,3404.7874407171366,3459.034002513842
Tropics,SAT7,1,FFSS,15465.706740687816,15520.349883439256
Tropics,SAT7,1,FFSS,21408.248474091022,21462.9903806518
Tropics,SAT7,49,FFSS,21241.307430927925,21295.954730151807
Tropics,SAT7,1012,FFSS,17638.19540944182,17692.40565070874
Tropics,SAT7,58,FFSS,15939.810894639906,15994.24365799499
Tropics,SAT7,99,FFSS,20767.82528849531,20822.461105433897
Tropics,SAT7,312,FFSS,10838.557469920033,10892.374033274842
Tropics,SAT7,593,FFSS,16984.793892954858,17038.554325423785
Tropics,SAT7,607,FFSS,0.0,25.199179544311942
Tropics,SAT7,1088,FFSS,18920.924020842867,18975.365206398485
Tropics,SAT7,182,FFSS,10628.252687034566,10682.536322915768
Tropics,SAT7,281,FFSS,20394.61096654553,20448.868523598216
Tropics,SAT7,1146,FFSS,1074.2353259818394,1087.9324878458578
Tropics,SAT7,743,FFSS,11550.336230869487,11584.64291670242
Tropics,SAT7,447,FFSS,16722.505727781194,16776.245709253893
Tropics,SAT7,4,FFSS,9774.483751548149,9829.125681695128
Tropics,SAT7,4,FFSS,15717.50957174803,15772.182561311734
Tropics,SAT7,46,FFSS,20990.447694828905,21045.296461025726
Tropics,SAT7,186,FFSS,4956.134774903445,5010.303793917625
Tropics,SAT7,1192,FFSS,18353.199846814445,18407.846144539406
Tropics,SAT7,973,FFSS,13567.516483480724,13621.545309899178
Tropics,SAT7,100,FFSS,20843.990088818813,20898.56906200682
Tropics,SAT7,245,FFSS,10692.47065560664,10746.739206322642
Tropics,SAT7,7,FFSS,10026.585544190166,10081.22428657266
Tropics,SAT7,711,FFSS,2706.1637662057337,2759.8881116698967
Tropics,SAT7,57,FFSS,15861.826139184797,15916.757648131324
Tropics,SAT7,1201,FFSS,1279.3263060471552,1333.9532132275413
Tropics,SAT7,1201,FFSS,7222.339787079168,7277.033134934376
Tropics,SAT7,706,FFSS,8353.644094110603,8407.311717434657
Tropics,SAT7,636,FFSS,8478.205161538863,8531.9011017226
Tropics,SAT7,917,FFSS,2330.7215406603714,2384.7916212038317
Tropics,SAT7,47,FFSS,21073.179018858544,21127.831785572438
Tropics,SAT7,3,FFSS,9691.331158151885,9746.075509592401
Tropics,SAT7,3,FFSS,15634.12656017149,15688.756930055493
Tropics,SAT7,767,FFSS,19574.197293775727,19627.90504802942
Tropics,SAT7,355,FFSS,8916.95275449094,8970.836374361332
Tropics,SAT7,0,FFSS,15382.182366434727,15436.865144446363
Tropics,SAT7,0,FFSS,21325.324746649643,21379.95353357652
Tropics,SAT7,776,FFSS,8227.462326645662,8281.320663490753
Tropics,SAT7,50,FFSS,15382.182366434725,15436.865144446363
Tropics,SAT7,50,FFSS,21325.324746649643,21379.95353357652
Tropics,SAT7,346,FFSS,20239.312442945928,20293.20515677475
Tropics,SAT7,9,FFSS,4251.485579282245,4306.131877215886
Tropics,SAT7,498,FFSS,3055.438058962322,3098.4593580417777
Tropics,SAT11,33,FFSS_22.0_FOR,2190.66662382079,2246.1616012830614
Tropics,SAT11,33,FFSS_22.0_FOR,8143.724175894293,8198.991983912767
Tropics,SAT11,526,FFSS_22.0_FOR,12421.696665845524,12478.027143359543
Tropics,SAT11,525,FFSS_22.0_FOR,12362.738909894659,12417.971901602677
Tropics,SAT11,24,FFSS_22.0_FOR,13345.563884058867,13402.55505355694
Tropics,SAT11,24,FFSS_22.0_FOR,19292.45503037519,19347.921342926125
Tropics,SAT11,272,FFSS_22.0_FOR,20273.959572214648,20329.92451307055
Tropics,SAT11,422,FFSS_22.0_FOR,3457.1362826073146,3511.5398140690063
Tropics,SAT11,850,FFSS_22.0_FOR,9754.508010257436,9808.458708861142
Tropics,SAT11,249,FFSS_22.0_FOR,18476.357640780116,18531.978393526566
Tropics,SAT11,946,FFSS_22.0_FOR,6006.617804170737,6062.162492121144
Tropics,SAT11,29,FFSS_22.0_FOR,7808.009657465834,7863.626791313897
Tropics,SAT11,29,FFSS_22.0_FOR,13760.46714786632,13815.803472160134
Tropics,SAT11,29,FFSS_22.0_FOR,19704.34475292316,19761.15555244725
Tropics,SAT11,81,FFSS_22.0_FOR,7638.529861007182,7694.161054862721
Tropics,SAT11,81,FFSS_22.0_FOR,19585.414993275932,19642.138120931613
Tropics,SAT11,23,FFSS_22.0_FOR,19208.568175754604,19264.076437597363
Tropics,SAT11,76,FFSS_22.0_FOR,13210.14188040769,13266.118461551876
Tropics,SAT11,76,FFSS_22.0_FOR,19169.501913300646,19227.240840857397
Tropics,SAT11,21,FFSS_22.0_FOR,19044.775739707387,19101.29844597664
Tropics,SAT11,385,FFSS_22.0_FOR,12579.632868478731,12634.989070974494
Tropics,SAT11,813,FFSS_22.0_FOR,6280.286796910774,6335.873962619991
Tropics,SAT11,27,FFSS_22.0_FOR,7646.582576578911,7704.182811853976
Tropics,SAT11,27,FFSS_22.0_FOR,13591.758932314257,13647.228988416999
Tropics,SAT11,27,FFSS_22.0_FOR,19544.31040868206,19599.59355625224
Tropics,SAT11,36,FFSS_22.0_FOR,2443.1902067941755,2498.4824940705576
Tropics,SAT11,454,FFSS_22.0_FOR,12440.680180899066,12496.696764483946
Tropics,SAT11,417,FFSS_22.0_FOR,9105.944919359557,9159.866519093575
Tropics,SAT11,845,FFSS_22.0_FOR,15402.845990107482,15457.103496068488
Tropics,SAT11,774,FFSS_22.0_FOR,15296.66341461094,15350.692209424089
Tropics,SAT11,459,FFSS_22.0_FOR,6788.224447607245,6843.667443239778
Tropics,SAT11,707,FFSS_22.0_FOR,9534.143831537636,9587.891576793721
Tropics,SAT11,82,FFSS_22.0_FOR,7716.764299608991,7773.118059325521
Tropics,SAT11,82,FFSS_22.0_FOR,19666.096949413553,19721.708446040695
Tropics,SAT11,85,FFSS_22.0_FOR,1991.7264270137211,2047.526141216316
Tropics,SAT11,85,FFSS_22.0_FOR,13939.865572489127,13996.20321743108
Tropics,SAT11,412,FFSS_22.0_FOR,14754.313818344846,14808.220779192357
Tropics,SAT11,840,FFSS_22.0_FOR,21051.13349396432,21106.174476958015
Tropics,SAT11,919,FFSS_22.0_FOR,9859.610536414835,9913.786010007545
Tropics,SAT11,75,FFSS_22.0_FOR,19088.62923634338,19145.339085803087
Tropics,SAT11,219,FFSS_22.0_FOR,3114.3555685340116,3169.5684397622117
Tropics,SAT11,72,FFSS_22.0_FOR,18858.079566445107,18914.49762652236
Tropics,SAT11,218,FFSS_22.0_FOR,3048.2724696385785,3102.6504226097722
Tropics,SAT11,1042,FFSS_22.0_FOR,21567.69652620213,21600.0
Tropics,SAT11,1000,FFSS_22.0_FOR,17181.155184036463,17237.354468359237
Tropics,SAT11,1177,FFSS_22.0_FOR,5331.824426801375,5387.594648016079
Tropics,SAT11,449,FFSS_22.0_FOR,18093.026831885963,18149.962960068602
Tropics,SAT11,1055,FFSS_22.0_FOR,4648.252056350268,4703.586111847077
Tropics,SAT11,463,FFSS_22.0_FOR,1075.104475637104,1132.1400795997265
Tropics,SAT11,313,FFSS_22.0_FOR,18319.880541429084,18376.747160378894
Tropics,SAT11,1107,FFSS_22.0_FOR,10168.238756966737,10224.79072272661
Tropics,SAT11,464,FFSS_22.0_FOR,1135.680929300281,1190.8900605171643
Tropics,SAT11,744,FFSS_22.0_FOR,6434.410465675406,6491.719059430861
Tropics,SAT11,882,FFSS_22.0_FOR,6205.789531745351,6262.951892775309
Tropics,SAT11,1048,FFSS_22.0_FOR,10068.026833973787,10123.294200969773
Tropics,SAT11,494,FFSS_22.0_FOR,3579.6432347326872,3634.388545244603
Tropics,SAT11,631,FFSS_22.0_FOR,15144.06549631305,15198.795781562952
Tropics,SAT11,748,FFSS_22.0_FOR,722.9714512803306,778.5540279188624
Tropics,SAT11,95,FFSS_22.0_FOR,2801.5160055826136,2856.670539764512
Tropics,SAT11,1052,FFSS_22.0_FOR,10385.716237340665,10442.605379079232
Tropics,SAT11,1110,FFSS_22.0_FOR,10385.716237340665,10442.60537907923
Tropics,SAT11,1179,FFSS_22.0_FOR,5493.749591113553,5550.7768401636595
Tropics,SAT11,38,FFSS_22.0_FOR,2607.8043487006016,2663.4186290136613
Tropics,SAT11,556,FFSS_22.0_FOR,14956.56171458057,15010.73629947317
Tropics,SAT11,521,FFSS_22.0_FOR,18078.688118490663,18134.43092294613
Tropics,SAT11,552,FFSS_22.0_FOR,20672.798345999556,20726.587227110787
Tropics,SAT11,1049,FFSS_22.0_FOR,10135.042940353049,10189.619300547462
Tropics,SAT11,1122,FFSS_22.0_FOR,5345.4943529693055,5403.5411505556085
Tropics,SAT11,1122,FFSS_22.0_FOR,11307.431654054248,11363.548533987969
Tropics,SAT11,488,FFSS_22.0_FOR,9172.784193697868,9227.017099750687
Tropics,SAT11,775,FFSS_22.0_FOR,15356.509711314111,15410.98284529666
Tropics,SAT11,1050,FFSS_22.0_FOR,10203.710147009757,10259.724535566083
Tropics,SAT11,991,FFSS_22.0_FOR,4453.374526615683,4507.912566395461
Tropics,SAT11,992,FFSS_22.0_FOR,4521.78028402847,4577.481704571243
Tropics,SAT11,1109,FFSS_22.0_FOR,10311.095499504043,10366.278066365529
Tropics,SAT11,530,FFSS_22.0_FOR,6705.927243437139,6761.131291335369
Tropics,SAT11,343,FFSS_22.0_FOR,14668.049248219437,14722.158182864428
Tropics,SAT11,886,FFSS_22.0_FOR,505.1822771908415,561.1369391523483
Tropics,SAT11,254,FFSS_22.0_FOR,12846.731928297137,12902.142712202933
Tropics,SAT11,951,FFSS_22.0_FOR,376.73312551075156,432.5288629025361
Tropics,SAT11,22,FFSS_22.0_FOR,19125.85399681528,19181.595347551876
Tropics,SAT11,1054,FFSS_22.0_FOR,4575.597209563717,4630.430370509911
Tropics,SAT11,1108,FFSS_22.0_FOR,10238.705757827758,10293.593058175482
Tropics,SAT11,602,FFSS_22.0_FOR,6623.58026242696,6679.312002483793
Tropics,SAT11,37,FFSS_22.0_FOR,2526.417348621668,2581.68444534312
Tropics,SAT11,274,FFSS_22.0_FOR,14450.876825418023,14506.737148418237
Tropics,SAT11,28,FFSS_22.0_FOR,7726.372334167496,7782.549810075843
Tropics,SAT11,28,FFSS_22.0_FOR,13676.082766951438,13731.514990550575
Tropics,SAT11,28,FFSS_22.0_FOR,19625.65088568975,19681.292748904933
Tropics,SAT11,136,FFSS_22.0_FOR,7409.66642231763,7465.239900590553
Tropics,SAT11,31,FFSS_22.0_FOR,2026.9508515646555,2083.485758088877
Tropics,SAT11,31,FFSS_22.0_FOR,7975.287612158051,8030.732868174439
Tropics,SAT11,31,FFSS_22.0_FOR,13926.17279192181,13981.621269600011
Tropics,SAT11,1001,FFSS_22.0_FOR,17249.845612720987,17305.49996365954
Tropics,SAT11,217,FFSS_22.0_FOR,2978.4127098840586,3034.1091014848485
Tropics,SAT11,1041,FFSS_22.0_FOR,21498.48147680835,21553.262603341504
Tropics,SAT11,1053,FFSS_22.0_FOR,4504.910223283275,4561.132816056142
Tropics,SAT11,391,FFSS_22.0_FOR,6992.4438213427475,7049.525255215352
Tropics,SAT11,394,FFSS_22.0_FOR,1222.16406386953,1277.7762706025758
Tropics,SAT11,74,FFSS_22.0_FOR,19009.67194477273,19065.501814873074
Tropics,SAT11,319,FFSS_22.0_FOR,12743.36232698091,12798.997113660746
Tropics,SAT11,26,FFSS_22.0_FOR,13508.20972852462,13563.75552326674
Tropics,SAT11,26,FFSS_22.0_FOR,19461.111722271155,19516.41586861551
Tropics,SAT11,712,FFSS_22.0_FOR,3877.2174433337227,3931.052046079048
Tropics,SAT11,910,FFSS_22.0_FOR,21200.746361502355,21254.949772135707
Tropics,SAT11,873,FFSS_22.0_FOR,17547.030425030378,17604.038578379204
Tropics,SAT11,411,FFSS_22.0_FOR,14691.448914885777,14747.365732615468
Tropics,SAT11,83,FFSS_22.0_FOR,1840.2404494894017,1896.6839342532662
Tropics,SAT11,83,FFSS_22.0_FOR,7796.997456886031,7854.374645435496
Tropics,SAT11,83,FFSS_22.0_FOR,19744.27912545987,19799.212381082496
Tropics,SAT11,557,FFSS_22.0_FOR,15015.724267009567,15069.796397378537
Tropics,SAT11,90,FFSS_22.0_FOR,8373.222522084177,8428.304830532014
Tropics,SAT11,408,FFSS_22.0_FOR,20463.188101542848,20517.32600330442
Tropics,SAT11,671,FFSS_22.0_FOR,6410.078347672294,6467.432965843481
Tropics,SAT11,1172,FFSS_22.0_FOR,4913.921360986397,4969.671251060219
Tropics,SAT11,1172,FFSS_22.0_FOR,10864.563728538575,10920.25143869309
Tropics,SAT11,1172,FFSS_22.0_FOR,16812.6708281728,16869.289558662957
Tropics,SAT11,314,FFSS_22.0_FOR,18382.46211018066,18437.758907777803
Tropics,SAT11,381,FFSS_22.0_FOR,18288.842997726435,18344.257672276017
Tropics,SAT11,809,FFSS_22.0_FOR,11988.260833754803,12045.207618502534
Tropics,SAT11,199,FFSS_22.0_FOR,1547.8455599759582,1604.5546400145047
Tropics,SAT11,339,FFSS_22.0_FOR,20369.04586985289,20423.89613491446
Tropics,SAT11,524,FFSS_22.0_FOR,12302.55342017308,12359.95899901262
Tropics,SAT11,668,FFSS_22.0_FOR,12186.647229916189,12242.44563313387
Tropics,SAT11,1215,FFSS_22.0_FOR,16232.180489939765,16288.124384037255
Tropics,SAT11,1169,FFSS_22.0_FOR,10613.731199779611,10669.336694331714
Tropics,SAT11,1169,FFSS_22.0_FOR,16565.34346453276,16621.039809798676
Tropics,SAT11,596,FFSS_22.0_FOR,12225.980178112624,12281.776040464816
Tropics,SAT11,214,FFSS_22.0_FOR,8729.947563534108,8784.305009238962
Tropics,SAT11,189,FFSS_22.0_FOR,18729.115630112028,18786.443706058937
Tropics,SAT11,1013,FFSS_22.0_FOR,204.9048021705672,260.5440145501388
Tropics,SAT11,201,FFSS_22.0_FOR,1683.2305560883703,1739.583422055595
Tropics,SAT11,1005,FFSS_22.0_FOR,11568.275482382207,11623.879534722493
Tropics,SAT11,1004,FFSS_22.0_FOR,11499.047197342783,11555.488793299262
Tropics,SAT11,1116,FFSS_22.0_FOR,4851.042242767747,4906.816562732413
Tropics,SAT11,1116,FFSS_22.0_FOR,16799.845769362106,16856.498917235484
Tropics,SAT11,1161,FFSS_22.0_FOR,15994.637515211272,16051.08532135186
Tropics,SAT11,213,FFSS_22.0_FOR,8660.623882484926,8716.02165527867
Tropics,SAT11,193,FFSS_22.0_FOR,13047.111839215342,13104.081487148802
Tropics,SAT11,478,FFSS_22.0_FOR,20476.59205684594,20532.57702740199
Tropics,SAT11,708,FFSS_22.0_FOR,9592.770044059025,9648.047550049327
Tropics,SAT11,739,FFSS_22.0_FOR,12087.737454202166,12144.031712121547
Tropics,SAT11,205,FFSS_22.0_FOR,20024.81848603344,20079.72675488148
Tropics,SAT11,324,FFSS_22.0_FOR,7104.47629486353,7161.191872430594
Tropics,SAT11,460,FFSS_22.0_FOR,6848.2973584645815,6904.102518435842
Tropics,SAT11,747,FFSS_22.0_FOR,662.6853198852787,718.4446856548867
Tropics,SAT11,262,FFSS_22.0_FOR,1458.4751002844603,1514.1205998081705
Tropics,SAT11,284,FFSS_22.0_FOR,3193.9694726465145,3248.141517756084
Tropics,SAT11,981,FFSS_22.0_FOR,15659.72026720929,15714.026294864527
Tropics,SAT11,492,FFSS_22.0_FOR,3493.358354339195,3514.633905424298
Tropics,SAT11,779,FFSS_22.0_FOR,9644.02313184769,9697.850230288339
Tropics,SAT11,455,FFSS_22.0_FOR,12500.959340655867,12556.302196136583
Tropics,SAT11,742,FFSS_22.0_FOR,6314.637820146338,6371.127727935073
Tropics,SAT11,529,FFSS_22.0_FOR,6646.111467220449,6702.643121198389
Tropics,SAT11,673,FFSS_22.0_FOR,6529.466413480706,6585.872800749311
Tropics,SAT11,131,FFSS_22.0_FOR,13002.206596531985,13059.775616495714
Tropics,SAT11,259,FFSS_22.0_FOR,7217.603388387221,7273.875046675953
Tropics,SAT11,146,FFSS_22.0_FOR,14209.275907597597,14264.296761723224
Tropics,SAT11,275,FFSS_22.0_FOR,14517.770207091939,14571.97081312355
Tropics,SAT11,943,FFSS_22.0_FOR,11763.10895354566,11820.424738826245
Tropics,SAT11,327,FFSS_22.0_FOR,1339.5160958215415,1395.108918858261
Tropics,SAT11,1071,FFSS_22.0_FOR,0.0,31.086160082054732
Tropics,SAT11,1062,FFSS_22.0_FOR,17180.1699645366,17237.452037091844
Tropics,SAT11,676,FFSS_22.0_FOR,753.8802224498817,810.3912643814489
Tropics,SAT11,155,FFSS_22.0_FOR,2955.570466436516,3010.4348278726484
Tropics,SAT11,1100,FFSS_22.0_FOR,21565.012793371603,21600.0
Tropics,SAT11,141,FFSS_22.0_FOR,1819.5693855096733,1875.5773914119711
Tropics,SAT11,141,FFSS_22.0_FOR,19795.11772608394,19852.1655903014
Tropics,SAT11,1120,FFSS_22.0_FOR,11153.85948750978,11210.21619213755
Tropics,SAT11,485,FFSS_22.0_FOR,14944.111081355446,14985.47894584654
Tropics,SAT11,197,FFSS_22.0_FOR,7365.150509220952,7421.794638348268
Tropics,SAT11,1175,FFSS_22.0_FOR,5163.76464893676,5219.435816634541
Tropics,SAT11,1175,FFSS_22.0_FOR,11113.469203488692,11169.772561773098
Tropics,SAT11,389,FFSS_22.0_FOR,6870.339544814036,6926.791856416391
Tropics,SAT11,817,FFSS_22.0_FOR,571.2608726125085,626.6539542286032
Tropics,SAT11,465,FFSS_22.0_FOR,1195.60998723836,1252.2016062327018
Tropics,SAT11,634,FFSS_22.0_FOR,9366.103559419924,9421.45370060718
Tropics,SAT11,78,FFSS_22.0_FOR,13363.108716104281,13419.177082222532
Tropics,SAT11,677,FFSS_22.0_FOR,814.0620599826458,869.3005458949731
Tropics,SAT11,77,FFSS_22.0_FOR,13285.559418095087,13341.104081053241
Tropics,SAT11,855,FFSS_22.0_FOR,4106.155056891629,4160.26246494259
Tropics,SAT11,924,FFSS_22.0_FOR,4220.316047785835,4274.549155552402
Tropics,SAT11,769,FFSS_22.0_FOR,20949.217957007724,21003.787051281444
Tropics,SAT11,133,FFSS_22.0_FOR,13145.188228962223,13200.938168398874
Tropics,SAT11,258,FFSS_22.0_FOR,7152.546519322477,7207.921046914616
Tropics,SAT11,348,FFSS_22.0_FOR,9027.795252552467,9082.753386825987
Tropics,SAT11,142,FFSS_22.0_FOR,1894.7908701655651,1952.596274218576
Tropics,SAT11,142,FFSS_22.0_FOR,19871.95986526541,19927.136257035017
Tropics,SAT11,147,FFSS_22.0_FOR,14282.059463065838,14336.73568000601
Tropics,SAT11,328,FFSS_22.0_FOR,1402.2971047000465,1457.9933606093316
Tropics,SAT11,139,FFSS_22.0_FOR,1675.628711585099,1732.4971919180755
Tropics,SAT11,191,FFSS_22.0_FOR,12910.810768073321,12966.90621533837
Tropics,SAT11,255,FFSS_22.0_FOR,12912.242815469323,12969.357514082123
Tropics,SAT11,263,FFSS_22.0_FOR,1523.1394400740362,1578.8293946814667
Tropics,SAT11,130,FFSS_22.0_FOR,18882.400147514116,18939.428790642687
Tropics,SAT11,210,FFSS_22.0_FOR,14411.546064837374,14465.927948244384
Tropics,SAT11,209,FFSS_22.0_FOR,14342.759201331324,14397.893895584099
Tropics,SAT11,1009,FFSS_22.0_FOR,5886.628231857579,5942.227962563785
Tropics,SAT11,200,FFSS_22.0_FOR,1614.7654459554035,1670.1834809218426
Tropics,SAT11,395,FFSS_22.0_FOR,1283.1448678783488,1338.7655997132947
Tropics,SAT11,1060,FFSS_22.0_FOR,17037.68700468891,17093.800497250766
Tropics,SAT11,1069,FFSS_22.0_FOR,5784.490162464129,5840.427533568826
Tropics,SAT11,1008,FFSS_22.0_FOR,5816.863133638812,5873.583257567633
Tropics,SAT11,148,FFSS_22.0_FOR,14350.971783717903,14407.241576385853
Tropics,SAT11,250,FFSS_22.0_FOR,18541.053288824412,18596.79192592019
Tropics,SAT11,947,FFSS_22.0_FOR,6070.1245915735035,6126.511409825071
Tropics,SAT11,271,FFSS_22.0_FOR,20211.896522386065,20266.085204128034
Tropics,SAT11,195,FFSS_22.0_FOR,7229.316683254894,7285.692338520102
Tropics,SAT11,407,FFSS_22.0_FOR,20402.220462324884,20456.568038220368
Tropics,SAT11,1066,FFSS_22.0_FOR,11516.525140738555,11574.163106129763
Tropics,SAT11,925,FFSS_22.0_FOR,4335.908593118943,4390.274024436258
Tropics,SAT11,812,FFSS_22.0_FOR,6219.034401088247,6274.889784782486
Tropics,SAT11,151,FFSS_22.0_FOR,8618.845494127638,8673.600306991622
Tropics,SAT11,196,FFSS_22.0_FOR,7296.428047069439,7351.858049693075
Tropics,SAT11,986,FFSS_22.0_FOR,10030.173146401165,10084.871658181546
Tropics,SAT11,1126,FFSS_22.0_FOR,5659.150613467237,5715.669710418965
Tropics,SAT11,493,FFSS_22.0_FOR,3520.4298004093816,3574.272285288917
Tropics,SAT11,780,FFSS_22.0_FOR,9703.730975050905,9759.019917803213
Tropics,SAT11,1112,FFSS_22.0_FOR,10497.66343995082,10553.1506529461
Tropics,SAT11,1165,FFSS_22.0_FOR,10346.414238669118,10402.28076784134
Tropics,SAT11,1165,FFSS_22.0_FOR,16302.797628220807,16360.078338297171
Tropics,SAT11,91,FFSS_22.0_FOR,8449.45910766823,8504.410747021755
Tropics,SAT11,1113,FFSS_22.0_FOR,10576.477072643524,10632.968871744853
Tropics,SAT11,1164,FFSS_22.0_FOR,16222.645556689302,16278.767038876724
Tropics,SAT11,551,FFSS_22.0_FOR,20613.073317459482,20667.793314201353
Tropics,SAT11,662,FFSS_22.0_FOR,17784.049125450903,17839.9797224041
Tropics,SAT11,703,FFSS_22.0_FOR,15249.860349583718,15304.438377657743
Tropics,SAT11,451,FFSS_22.0_FOR,18213.494620126017,18270.18445484313
Tropics,SAT11,738,FFSS_22.0_FOR,12028.348927101024,12083.680852069017
Tropics,SAT11,84,FFSS_22.0_FOR,1914.9234224654256,1970.473892055198
Tropics,SAT11,84,FFSS_22.0_FOR,13857.87559528557,13915.367679543284
Tropics,SAT11,84,FFSS_22.0_FOR,19819.382646185488,19874.57019001964
Tropics,SAT11,73,FFSS_22.0_FOR,18932.814950796794,18988.37411748953
Tropics,SAT11,479,FFSS_22.0_FOR,20538.397228344806,20592.22113501228
Tropics,SAT11,923,FFSS_22.0_FOR,4157.863337590843,4212.688061147509
Tropics,SAT11,592,FFSS_22.0_FOR,17945.675774778418,18000.93573404705
Tropics,SAT11,626,FFSS_22.0_FOR,20805.253696842574,20859.55588779673
Tropics,SAT11,79,FFSS_22.0_FOR,7488.405753361516,7545.482763477638
Tropics,SAT11,79,FFSS_22.0_FOR,13442.716780374587,13499.760325281757
Tropics,SAT11,351,FFSS_22.0_FOR,3263.80321701719,3318.4002268015074
Tropics,SAT11,916,FFSS_22.0_FOR,15624.510071440614,15680.755183999916
Tropics,SAT11,842,FFSS_22.0_FOR,21172.807651609015,21228.720646076647
Tropics,SAT11,315,FFSS_22.0_FOR,18445.520723548107,18502.116109357048
Tropics,SAT11,880,FFSS_22.0_FOR,6080.780739663795,6137.348595402633
Tropics,SAT11,338,FFSS_22.0_FOR,20307.408438647875,20361.47478050044
Tropics,SAT11,803,FFSS_22.0_FOR,17576.81653803012,17632.35290910886
Tropics,SAT11,565,FFSS_22.0_FOR,3582.8169995890335,3638.2084234923213
Tropics,SAT11,733,FFSS_22.0_FOR,17680.625589339696,17736.330746255884
Tropics,SAT11,1105,FFSS_22.0_FOR,15973.974560994615,16029.027041317537
Tropics,SAT11,280,FFSS_22.0_FOR,8887.710046597103,8942.152868524992
Tropics,SAT11,977,FFSS_22.0_FOR,21353.85971192865,21408.231528827866
Tropics,SAT11,484,FFSS_22.0_FOR,14885.737419909085,14939.531774980265
Tropics,SAT11,938,FFSS_22.0_FOR,17394.580549490096,17450.406991124233
Tropics,SAT11,80,FFSS_22.0_FOR,7562.421642291396,7618.115389942424
Tropics,SAT11,80,FFSS_22.0_FOR,13524.14357406132,13582.179002870116
Tropics,SAT11,1045,FFSS_22.0_FOR,15816.744823190418,15871.402663507353
Tropics,SAT11,672,FFSS_22.0_FOR,6470.87151405596,6526.127949362181
Tropics,SAT11,253,FFSS_22.0_FOR,12782.371372825304,12838.55764373718
Tropics,SAT11,950,FFSS_22.0_FOR,311.9984457199695,367.8497781831856
Tropics,SAT11,1044,FFSS_22.0_FOR,15749.522074359784,15804.539843224427
Tropics,SAT11,1059,FFSS_22.0_FOR,16960.923809925775,17018.754158918047
Tropics,SAT11,390,FFSS_22.0_FOR,6931.388367088998,6986.647991685214
Tropics,SAT11,818,FFSS_22.0_FOR,631.3668679771389,687.6863479999411
Tropics,SAT11,386,FFSS_22.0_FOR,12640.615896723759,12696.644877619514
Tropics,SAT11,135,FFSS_22.0_FOR,7338.905787818913,7396.104923074387
Tropics,SAT11,876,FFSS_22.0_FOR,11783.806255436411,11839.484950398686
Tropics,SAT11,1046,FFSS_22.0_FOR,15885.681872437246,15942.042841584509
Tropics,SAT11,1123,FFSS_22.0_FOR,5427.562172825253,5484.578157985212
Tropics,SAT11,1123,FFSS_22.0_FOR,11379.164023041512,11389.493146691426
Tropics,SAT11,667,FFSS_22.0_FOR,12127.536738285693,12183.02439225904
Tropics,SAT11,342,FFSS_22.0_FOR,14604.821096279507,14659.510502141522
Tropics,SAT11,413,FFSS_22.0_FOR,14814.141169744502,14869.031390058497
Tropics,SAT11,841,FFSS_22.0_FOR,21111.956327697833,21165.93289650912
Tropics,SAT11,94,FFSS_22.0_FOR,2726.3348108102164,2781.2632981258903
Tropics,SAT11,1119,FFSS_22.0_FOR,11073.07810650474,11130.431766947024
Tropics,SAT11,1119,FFSS_22.0_FOR,17028.26308424125,17085.396298661894
Tropics,SAT11,534,FFSS_22.0_FOR,989.5603914656192,1045.4366950061656
Tropics,SAT11,678,FFSS_22.0_FOR,872.1745606743879,929.4068384355031
Tropics,SAT11,279,FFSS_22.0_FOR,8823.217603121968,8877.722908840811
Tropics,SAT11,976,FFSS_22.0_FOR,21289.692705510926,21344.730695075214
Tropics,SAT11,804,FFSS_22.0_FOR,17637.413990420253,17693.35304500947
Tropics,SAT11,140,FFSS_22.0_FOR,1746.6099252367267,1802.1225050181113
Tropics,SAT11,138,FFSS_22.0_FOR,7557.289886431998,7614.822635917951
Tropics,SAT11,128,FFSS_22.0_FOR,18735.86884487249,18791.655517342766
Tropics,SAT11,1073,FFSS_22.0_FOR,121.21726601185601,177.29678689046224
Tropics,SAT11,1162,FFSS_22.0_FOR,16068.519495516497,16123.716135240622
Tropics,SAT11,663,FFSS_22.0_FOR,17843.70764903878,17899.1153363767
Tropics,SAT11,807,FFSS_22.0_FOR,11866.322013452325,11923.08207437707
Tropics,SAT11,1065,FFSS_22.0_FOR,11447.702385762585,11503.529186204603
Tropics,SAT11,137,FFSS_22.0_FOR,7482.361555892083,7538.229762122872
Tropics,SAT11,851,FFSS_22.0_FOR,9815.303200651959,9870.548494008903
Tropics,SAT11,1115,FFSS_22.0_FOR,4773.648924609242,4828.78382632076
Tropics,SAT11,1115,FFSS_22.0_FOR,16718.404436815545,16776.094214803692
Tropics,SAT11,134,FFSS_22.0_FOR,13219.826393782412,13277.100547109761
Tropics,SAT11,1121,FFSS_22.0_FOR,11232.172452226769,11287.95002748845
Tropics,SAT11,132,FFSS_22.0_FOR,13072.753008327105,13128.417657835982
Tropics,SAT11,144,FFSS_22.0_FOR,20014.618605154377,20070.567975019236
Tropics,SAT11,1061,FFSS_22.0_FOR,17110.853982460074,17166.60136614493
Tropics,SAT11,990,FFSS_22.0_FOR,4386.555311989576,4442.124673615912
Tropics,SAT11,915,FFSS_22.0_FOR,15561.439159514539,15615.629470074304
Tropics,SAT11,32,FFSS_22.0_FOR,2107.986653112802,2163.7228233403343
Tropics,SAT11,32,FFSS_22.0_FOR,8059.737257983044,8115.106529416006
Tropics,SAT11,32,FFSS_22.0_FOR,14005.851268988214,14062.137891540615
Tropics,SAT11,698,FFSS_22.0_FOR,20906.90320575439,20960.991992825133
Tropics,SAT11,1178,FFSS_22.0_FOR,5413.962934201203,5470.042656287225
Tropics,SAT11,846,FFSS_22.0_FOR,15463.610073153382,15517.999100429095
Tropics,SAT11,39,FFSS_22.0_FOR,2686.5614023360095,2743.3220298202023
Tropics,SAT11,871,FFSS_22.0_FOR,17421.7089387184,17478.393052223782
Tropics,SAT11,1173,FFSS_22.0_FOR,4996.0109454946705,5051.517711271358
Tropics,SAT11,1173,FFSS_22.0_FOR,10948.797788896127,11004.51609968825
Tropics,SAT11,347,FFSS_22.0_FOR,8966.312284042622,9020.347299895326
Tropics,SAT11,778,FFSS_22.0_FOR,9583.685107798387,9639.245679721409
Tropics,SAT11,92,FFSS_22.0_FOR,2567.3564903605647,2624.0944620022765
Tropics,SAT11,92,FFSS_22.0_FOR,8522.300426442602,8578.402830942683
Tropics,SAT11,1125,FFSS_22.0_FOR,5584.991435087882,5640.756938082049
Tropics,SAT11,635,FFSS_22.0_FOR,9425.273046693721,9478.983731217208
Tropics,SAT11,30,FFSS_22.0_FOR,7891.154538617738,7946.63134356706
Tropics,SAT11,30,FFSS_22.0_FOR,13844.108623940314,13899.36947649847
Tropics,SAT11,885,FFSS_22.0_FOR,442.7912203178366,498.4189684126943
Tropics,SAT11,421,FFSS_22.0_FOR,3396.672831514482,3450.7705526164
Tropics,SAT11,849,FFSS_22.0_FOR,9693.61122734188,9749.315955144242
Tropics,SAT11,606,FFSS_22.0_FOR,904.3809304464411,959.6615215386107
Tropics,SAT11,153,FFSS_22.0_FOR,2808.203664429888,2864.41893308031
Tropics,SAT11,1064,FFSS_22.0_FOR,11375.003586663242,11430.989942524591
Tropics,SAT11,531,FFSS_22.0_FOR,6764.662929580342,6821.790275897723
Tropics,SAT11,35,FFSS_22.0_FOR,2358.954670183766,2414.352491082758
Tropics,SAT11,35,FFSS_22.0_FOR,8306.99512146444,8362.88980252057
Tropics,SAT11,285,FFSS_22.0_FOR,3256.1305279224075,3311.9994400454007
Tropics,SAT11,982,FFSS_22.0_FOR,15724.593871223695,15779.902217304903
Tropics,SAT11,270,FFSS_22.0_FOR,20146.262509183827,20201.298997824437
Tropics,SAT11,535,FFSS_22.0_FOR,1049.0446925781266,1104.4333049741774
Tropics,SAT11,597,FFSS_22.0_FOR,12284.653047070824,12340.091475861906
Tropics,SAT11,283,FFSS_22.0_FOR,3128.2329115045727,3183.3207901908822
Tropics,SAT11,980,FFSS_22.0_FOR,15595.828056290424,15651.734663944448
Tropics,SAT11,858,FFSS_22.0_FOR,4283.431668634926,4339.843949135832
Tropics,SAT11,1163,FFSS_22.0_FOR,16144.510915966915,16199.776460514633
Tropics,SAT11,1114,FFSS_22.0_FOR,4698.404589052979,4753.869445424086
Tropics,SAT11,1114,FFSS_22.0_FOR,10657.231443394716,10714.888144570052
Tropics,SAT11,702,FFSS_22.0_FOR,15190.995153350968,15244.869314294841
Tropics,SAT11,630,FFSS_22.0_FOR,15086.23927734887,15140.01392360144
Tropics,SAT11,854,FFSS_22.0_FOR,4045.368392856731,4100.014758483125
Tropics,SAT11,215,FFSS_22.0_FOR,8795.494107731934,8851.030171472989
Tropics,SAT11,914,FFSS_22.0_FOR,15499.003972237235,15553.924210931114
Tropics,SAT11,206,FFSS_22.0_FOR,20093.067997393304,20147.520312417233
Tropics,SAT11,129,FFSS_22.0_FOR,18808.049648712942,18863.703406517274
Tropics,SAT11,520,FFSS_22.0_FOR,18019.470050102544,18074.946674141003
Tropics,SAT11,187,FFSS_22.0_FOR,18592.32929789079,18648.196428297717
Tropics,SAT11,89,FFSS_22.0_FOR,8294.09766528625,8350.063299183024
Tropics,SAT11,1111,FFSS_22.0_FOR,10420.969910851776,10476.075975675538
Tropics,SAT11,322,FFSS_22.0_FOR,6978.791441766467,7035.509725298764
Tropics,SAT11,88,FFSS_22.0_FOR,8212.699535070455,8269.821946326703
Tropics,SAT11,88,FFSS_22.0_FOR,14171.036576827693,14226.593854242607
Tropics,SAT11,192,FFSS_22.0_FOR,12978.123978999027,13033.609674188485
Tropics,SAT11,697,FFSS_22.0_FOR,20847.76153440221,20901.976843585107
Tropics,SAT11,1067,FFSS_22.0_FOR,5636.366431362485,5693.679442066618
Tropics,SAT11,1166,FFSS_22.0_FOR,10420.969910851774,10476.075975675536
Tropics,SAT11,87,FFSS_22.0_FOR,2151.4591471807753,2209.1596427885715
Tropics,SAT11,87,FFSS_22.0_FOR,14097.041456714445,14151.925486628528
Tropics,SAT11,1040,FFSS_22.0_FOR,21431.042471493744,21485.86176867114
Tropics,SAT11,257,FFSS_22.0_FOR,7088.45621164757,7145.5442012575595
Tropics,SAT11,989,FFSS_22.0_FOR,4271.765743151856,4326.872632132831
Tropics,SAT11,926,FFSS_22.0_FOR,4401.200722534149,4457.309442718059
Tropics,SAT11,1130,FFSS_22.0_FOR,10.48233581889701,67.57717905118152
Tropics,SAT11,1168,FFSS_22.0_FOR,10532.783164831646,10589.04617497077
Tropics,SAT11,1168,FFSS_22.0_FOR,16480.9112691175,16536.545530284395
Tropics,SAT11,1216,FFSS_22.0_FOR,16313.734890169171,16369.259861192088
Tropics,SAT11,1002,FFSS_22.0_FOR,17314.7622699149,17372.19019866479
Tropics,SAT11,188,FFSS_22.0_FOR,18659.853863093518,18715.438187439726
Tropics,SAT11,1012,FFSS_22.0_FOR,134.60326618016006,191.63676561345991
Tropics,SAT11,1118,FFSS_22.0_FOR,5011.835723267547,5069.845990059125
Tropics,SAT11,1118,FFSS_22.0_FOR,16955.339193986616,17011.20830164347
Tropics,SAT11,93,FFSS_22.0_FOR,2648.08767867854,2703.7098079519824
Tropics,SAT11,877,FFSS_22.0_FOR,11846.353450391774,11902.223926498613
Tropics,SAT11,593,FFSS_22.0_FOR,18003.170889758876,18033.292956253656
Tropics,SAT11,625,FFSS_22.0_FOR,20747.144224486827,20801.097876301425
Tropics,SAT11,1124,FFSS_22.0_FOR,5507.612195129629,5563.715618052398
Tropics,SAT11,380,FFSS_22.0_FOR,18227.843192764063,18283.76751446522
Tropics,SAT11,808,FFSS_22.0_FOR,11928.77765818449,11984.107727611905
Tropics,SAT11,601,FFSS_22.0_FOR,6565.213434093143,6620.693960911915
Tropics,SAT11,640,FFSS_22.0_FOR,3764.2491364798857,3818.010870830927
Tropics,SAT11,945,FFSS_22.0_FOR,5939.480957095277,5996.676624008772
Tropics,SAT11,1104,FFSS_22.0_FOR,15901.844504499228,15956.817151511043
Tropics,SAT11,607,FFSS_22.0_FOR,962.4604884085552,1018.6010994230738
Tropics,SAT11,150,FFSS_22.0_FOR,8546.534878433878,8601.422078825215
Tropics,SAT11,784,FFSS_22.0_FOR,3991.3173376557684,4045.2763337097476
Tropics,SAT11,483,FFSS_22.0_FOR,14824.843404887886,14879.791892148694
Tropics,SAT11,770,FFSS_22.0_FOR,21009.26450028649,21063.246922521223
Tropics,SAT11,143,FFSS_22.0_FOR,19945.21271595264,19999.84064179977
Tropics,SAT11,1006,FFSS_22.0_FOR,11633.72865406661,11690.747996239106
Tropics,SAT11,941,FFSS_22.0_FOR,11634.934338203198,11691.304469544282
Tropics,SAT11,985,FFSS_22.0_FOR,9965.696316124326,10020.242332011001
Tropics,SAT11,86,FFSS_22.0_FOR,2070.6319542936844,2127.3024880553203
Tropics,SAT11,86,FFSS_22.0_FOR,14019.803436223727,14075.119181818944
Tropics,SAT11,978,FFSS_22.0_FOR,21419.19110218654,21475.370619750785
Tropics,SAT11,937,FFSS_22.0_FOR,17329.95018481949,17385.7583747577
Tropics,SAT11,743,FFSS_22.0_FOR,6375.79248308804,6431.081925953849
Tropics,SAT11,211,FFSS_22.0_FOR,14476.55679891365,14532.470306851827
Tropics,SAT11,734,FFSS_22.0_FOR,17740.83107848649,17796.458353182
Tropics,SAT11,566,FFSS_22.0_FOR,3643.0772729249884,3696.794988413473
Tropics,SAT11,783,FFSS_22.0_FOR,3931.24811661747,3985.8917295968017
Tropics,SAT11,1014,FFSS_22.0_FOR,271.4333099460899,327.7983735821349
Tropics,SAT11,1068,FFSS_22.0_FOR,5712.263791514784,5768.144813267537
Tropics,SAT11,149,FFSS_22.0_FOR,8470.560194287182,8527.039117460265
Tropics,SAT11,1171,FFSS_22.0_FOR,4833.612041797054,4890.31378775929
Tropics,SAT11,1171,FFSS_22.0_FOR,10780.162988020946,10835.765830368506
Tropics,SAT11,1171,FFSS_22.0_FOR,16732.051795047362,16787.975519294483
Tropics,SAT11,1010,FFSS_22.0_FOR,5952.618958699092,6009.284373205461
Tropics,SAT11,25,FFSS_22.0_FOR,13426.010378657249,13481.929624952283
Tropics,SAT11,25,FFSS_22.0_FOR,19376.886006762903,19432.297010064005
Tropics,SAT11,881,FFSS_22.0_FOR,6144.950973354879,6200.371817720439
Tropics,SAT11,276,FFSS_22.0_FOR,14581.037805860544,14636.072927464878
Tropics,SAT11,591,FFSS_22.0_FOR,17886.67775883977,17942.904236803883
Tropics,SAT11,942,FFSS_22.0_FOR,11700.809781024129,11756.34097750315
Tropics,SAT11,1106,FFSS_22.0_FOR,16048.303023374507,16104.915962409215
Tropics,SAT11,1174,FFSS_22.0_FOR,5079.482318608241,5135.051169460951
Tropics,SAT11,1174,FFSS_22.0_FOR,11032.044278675872,11087.870418733082
Tropics,SAT11,567,FFSS_22.0_FOR,3701.213383777143,3756.5002524281695
Tropics,SAT11,711,FFSS_22.0_FOR,3817.7944476734865,3872.506620067877
Tropics,SAT11,1056,FFSS_22.0_FOR,4723.167549393441,4780.34641526938
Tropics,SAT11,337,FFSS_22.0_FOR,20242.35792422388,20298.42785281285
Tropics,SAT11,1117,FFSS_22.0_FOR,4930.515983776214,4987.394464568778
Tropics,SAT11,1117,FFSS_22.0_FOR,16879.030073529917,16934.916373473276
Tropics,SAT11,34,FFSS_22.0_FOR,2274.5307490333876,2329.982908229523
Tropics,SAT11,34,FFSS_22.0_FOR,8226.417826536714,8281.747000314512
Tropics,SAT11,562,FFSS_22.0_FOR,9358.526436118686,9413.09741541185
Tropics,SAT11,706,FFSS_22.0_FOR,9474.37276115835,9529.837569518393
Tropics,SAT11,416,FFSS_22.0_FOR,9044.309169876178,9099.098586218706
Tropics,SAT11,636,FFSS_22.0_FOR,9482.835058517468,9538.108550001987
Tropics,SAT11,639,FFSS_22.0_FOR,3705.424796108495,3760.218628071226
Tropics,SAT11,450,FFSS_22.0_FOR,18153.575545102096,18208.785751413292
Tropics,SAT11,737,FFSS_22.0_FOR,11966.27848047356,12023.820308166298
Tropics,SAT11,352,FFSS_22.0_FOR,3326.8704906254175,3381.0192066864734
Tropics,SAT11,1214,FFSS_22.0_FOR,16152.493472804812,16209.71909995803
Tropics,SAT11,1170,FFSS_22.0_FOR,10696.344150752939,10751.849623057733
Tropics,SAT11,1170,FFSS_22.0_FOR,16649.334176136526,16705.06431041582
Tropics,SAT11,480,FFSS_22.0_FOR,20597.53627495071,20652.361136044583
Tropics,SAT11,816,FFSS_22.0_FOR,508.10019968618013,565.5654629572826
Tropics,SAT11,323,FFSS_22.0_FOR,7041.381606264126,7096.671192492181
Tropics,SAT11,920,FFSS_22.0_FOR,9922.307056544629,9977.247835788521
Tropics,SAT11,1167,FFSS_22.0_FOR,16396.818397447823,16452.343517030546
Tropics,SAT11,154,FFSS_22.0_FOR,2883.7367610344177,2938.5121533721995
Tropics,SAT11,489,FFSS_22.0_FOR,9232.814444457554,9286.914141359615
Tropics,SAT11,872,FFSS_22.0_FOR,17486.042138095392,17541.451398607318
Tropics,SAT11,1063,FFSS_22.0_FOR,11298.670558809456,11356.235523282063
Tropics,SAT11,346,FFSS_22.0_FOR,8901.42954832741,8957.342903126342
Tropics,SAT11,911,FFSS_22.0_FOR,21263.41226272322,21318.249305616868
Tropics,SAT11,1217,FFSS_22.0_FOR,16396.81839744782,16452.343517030546
Tropics,SAT11,145,FFSS_22.0_FOR,14132.864609465316,14189.621459793038
Tropics,SAT11,1072,FFSS_22.0_FOR,49.46676690601298,105.26583463252527
Tropics,SAT11,318,FFSS_22.0_FOR,12680.604252531171,12736.269745100795
Tropics,SAT11,1176,FFSS_22.0_FOR,5248.146264413549,5303.860312168938
Tropics,SAT11,1176,FFSS_22.0_FOR,11192.279765167383,11249.85779257221
Tropics,SAT11,33,FFSS,2190.6662622981057,2246.161851168498
Tropics,SAT11,33,FFSS,8143.724175893391,8198.99198391368
Tropics,SAT11,525,FFSS,12362.738877749793,12417.972219959456
Tropics,SAT11,24,FFSS,19292.45503030472,19347.92134292605
Tropics,SAT11,850,FFSS,9754.50801023893,9808.458708864855
Tropics,SAT11,249,FFSS,18476.357557510655,18531.978396641643
Tropics,SAT11,946,FFSS,6006.617795930228,6062.162492119372
Tropics,SAT11,29,FFSS,7808.009657467644,7863.626977884914
Tropics,SAT11,29,FFSS,13760.467147857682,13815.803472165933
Tropics,SAT11,81,FFSS,7638.53012172557,7694.161054265638
Tropics,SAT11,23,FFSS,19208.568515628558,19264.076439417662
Tropics,SAT11,385,FFSS,12579.632749492484,12634.989121887658
Tropics,SAT11,813,FFSS,6280.287042059257,6335.873954502622
Tropics,SAT11,27,FFSS,13591.75893231578,13647.228988416999
Tropics,SAT11,27,FFSS,19544.310423339935,19599.593556099684
Tropics,SAT11,36,FFSS,2443.1902067941755,2498.4824940705576
Tropics,SAT11,417,FFSS,9105.94500141908,9159.866519099773
Tropics,SAT11,774,FFSS,15296.663412755992,15350.692209422768
Tropics,SAT11,459,FFSS,6788.223524548895,6843.667443240987
Tropics,SAT11,707,FFSS,9534.143831537636,9587.891576793721
Tropics,SAT11,85,FFSS,1991.7264270275205,2047.5261411530978
Tropics,SAT11,412,FFSS,14754.313818252653,14808.220778912124
Tropics,SAT11,919,FFSS,9859.610527625813,9913.786010010519
Tropics,SAT11,218,FFSS,3048.2724693808295,3102.6504226099446
Tropics,SAT11,1177,FFSS,5331.824405385381,5387.594778967158
Tropics,SAT11,1055,FFSS,4648.252056215927,4688.423224359514
Tropics,SAT11,464,FFSS,1135.6809292964747,1190.8899943233407
Tropics,SAT11,748,FFSS,722.9714512804559,774.4937749048023
Tropics,SAT11,552,FFSS,20672.79837667534,20726.587318337253
Tropics,SAT11,1049,FFSS,10135.042940123667,10189.619300551562
Tropics,SAT11,991,FFSS,4453.374530310983,4507.912566398351
Tropics,SAT11,1109,FFSS,10311.095726779044,10366.278066366658
Tropics,SAT11,530,FFSS,6705.927243384479,6761.131625282881
Tropics,SAT11,343,FFSS,14668.049503448057,14722.158177727446
Tropics,SAT11,254,FFSS,12846.731952124386,12902.142712184
Tropics,SAT11,951,FFSS,376.73321111536734,418.4403757226013
Tropics,SAT11,22,FFSS,19125.853996823924,19181.59534755282
Tropics,SAT11,1054,FFSS,4575.5974014387875,4630.43031998054
Tropics,SAT11,1108,FFSS,10238.705810490608,10293.593432485803
Tropics,SAT11,37,FFSS,2526.417370207004,2581.6844453419435
Tropics,SAT11,28,FFSS,13676.082766862291,13731.514990549002
Tropics,SAT11,136,FFSS,7409.666614488383,7465.240008593524
Tropics,SAT11,31,FFSS,7975.287612158944,8030.732921592143
Tropics,SAT11,1001,FFSS,17249.845612722656,17305.500069007794
Tropics,SAT11,1041,FFSS,21498.481476866695,21553.262603374813
Tropics,SAT11,74,FFSS,19009.67193240368,19065.501245974247
Tropics,SAT11,319,FFSS,12743.362326979903,12798.997198429093
Tropics,SAT11,26,FFSS,13508.209728521893,13563.755687933062
Tropics,SAT11,26,FFSS,19461.11172227115,19516.415868615506
Tropics,SAT11,712,FFSS,3877.217443373294,3931.0519976480136
Tropics,SAT11,910,FFSS,21200.746373037928,21254.949771026648
Tropics,SAT11,83,FFSS,19744.279125286324,19799.21238108094
Tropics,SAT11,557,FFSS,15015.724267045882,15028.687378914781
Tropics,SAT11,90,FFSS,8373.222405111568,8428.305227941946
Tropics,SAT11,408,FFSS,20463.18807899179,20512.779221325498
Tropics,SAT11,1172,FFSS,10864.562904704619,10920.25143869162
Tropics,SAT11,314,FFSS,18382.46210994369,18437.758907780906
Tropics,SAT11,381,FFSS,18288.843044905014,18344.257726017473
Tropics,SAT11,1169,FFSS,10613.730935218913,10669.336694187
Tropics,SAT11,1169,FFSS,16565.343464532758,16621.039809799186
Tropics,SAT11,214,FFSS,8729.947410901123,8784.304448922272
Tropics,SAT11,1013,FFSS,204.90477875715865,260.5440145528978
Tropics,SAT11,1005,FFSS,11568.275481677338,11623.879534716963
Tropics,SAT11,262,FFSS,1471.6881268409822,1514.1205998108621
Tropics,SAT11,284,FFSS,3193.9694727081123,3248.1415141356574
Tropics,SAT11,981,FFSS,15659.720266979764,15714.026294409216
Tropics,SAT11,779,FFSS,9644.02313184769,9697.8502303026
Tropics,SAT11,455,FFSS,12500.959340841608,12556.30237020147
Tropics,SAT11,146,FFSS,14209.27595820973,14264.29675323541
Tropics,SAT11,275,FFSS,14517.770206970337,14571.970813123953
Tropics,SAT11,327,FFSS,1352.155241996194,1395.1090802878364
Tropics,SAT11,1175,FFSS,5163.76464893676,5219.435979784456
Tropics,SAT11,817,FFSS,571.2608574208073,626.6542097919014
Tropics,SAT11,677,FFSS,814.0620600303937,869.3008648509978
Tropics,SAT11,77,FFSS,13285.559418135646,13341.104081050618
Tropics,SAT11,855,FFSS,4106.155051551315,4160.262464946399
Tropics,SAT11,924,FFSS,4220.316045821518,4274.549112563339
Tropics,SAT11,133,FFSS,13145.188471834006,13200.938311977745
Tropics,SAT11,258,FFSS,7152.546519322477,7207.921046771682
Tropics,SAT11,147,FFSS,14282.059455405775,14336.735679955806
Tropics,SAT11,328,FFSS,1402.2972979442814,1452.301032680836
Tropics,SAT11,263,FFSS,1523.1389408033876,1578.829374289375
Tropics,SAT11,210,FFSS,14411.546064837374,14465.927941478087
Tropics,SAT11,1009,FFSS,5886.628573267665,5942.227962564018
Tropics,SAT11,200,FFSS,1614.7653388390383,1670.183480921505
Tropics,SAT11,395,FFSS,1283.1449425372411,1338.7655725685568
Tropics,SAT11,1060,FFSS,17037.686969246395,17093.8005027668
Tropics,SAT11,1069,FFSS,5784.490162461969,5840.427533569563
Tropics,SAT11,250,FFSS,18541.05328882492,18596.79192591998
Tropics,SAT11,271,FFSS,20211.89652272332,20266.085487128646
Tropics,SAT11,925,FFSS,4335.908429785122,4390.27402437278
Tropics,SAT11,196,FFSS,7296.4282738133625,7351.858049693076
Tropics,SAT11,986,FFSS,10030.173125406123,10084.871657968402
Tropics,SAT11,493,FFSS,3520.429365946049,3574.2722704421744
Tropics,SAT11,1112,FFSS,10497.663433588918,10553.15065024479
Tropics,SAT11,91,FFSS,8449.459107615316,8504.410746909974
Tropics,SAT11,738,FFSS,12028.34892714442,12083.680851646603
Tropics,SAT11,84,FFSS,1914.9234223513931,1970.4738918188696
Tropics,SAT11,73,FFSS,18932.814947547402,18988.374337602636
Tropics,SAT11,479,FFSS,20538.39722836427,20592.221134055468
Tropics,SAT11,592,FFSS,17945.675783308292,18000.93588176814
Tropics,SAT11,338,FFSS,20307.408438647875,20361.474779226315
Tropics,SAT11,803,FFSS,17576.816538012652,17632.35215611901
Tropics,SAT11,1105,FFSS,15973.974441546743,16029.027014089042
Tropics,SAT11,977,FFSS,21353.858776267407,21408.231528978595
Tropics,SAT11,484,FFSS,14885.737438937604,14939.531773786128
Tropics,SAT11,80,FFSS,7562.421641517829,7618.115500700462
Tropics,SAT11,1045,FFSS,15816.74479991289,15871.402656341088
Tropics,SAT11,672,FFSS,6470.87151405596,6526.128258948334
Tropics,SAT11,950,FFSS,311.99844574648023,367.8498816040932
Tropics,SAT11,390,FFSS,6931.388366934267,6986.647991686295
Tropics,SAT11,876,FFSS,11783.80651390519,11839.485098248717
Tropics,SAT11,667,FFSS,12127.536400782627,12183.02438614777
Tropics,SAT11,841,FFSS,21111.956327733227,21165.932896509228
Tropics,SAT11,94,FFSS,2726.3348108102164,2781.2628891464315
Tropics,SAT11,279,FFSS,8823.217603122066,8877.722898131191
Tropics,SAT11,140,FFSS,1746.610254246589,1802.1225043028462
Tropics,SAT11,128,FFSS,18761.27966222843,18791.655534205096
Tropics,SAT11,1162,FFSS,16068.519495522658,16123.716345408018
Tropics,SAT11,663,FFSS,17843.7078905572,17899.114875519263
Tropics,SAT11,1065,FFSS,11447.702384007895,11503.529300462415
Tropics,SAT11,137,FFSS,7482.361547388671,7538.229855707913
Tropics,SAT11,1115,FFSS,4773.648924609242,4828.78382632076
Tropics,SAT11,1121,FFSS,11232.172452226769,11287.94992884904
Tropics,SAT11,132,FFSS,13072.75217717262,13128.417657835033
Tropics,SAT11,1061,FFSS,17110.854287414928,17166.601365902407
Tropics,SAT11,915,FFSS,15561.439133920841,15615.629467016168
Tropics,SAT11,32,FFSS,2107.9863980949303,2163.7229352752743
Tropics,SAT11,32,FFSS,8059.737257983042,8115.106794730511
Tropics,SAT11,698,FFSS,20906.903205756433,20960.992130354167
Tropics,SAT11,1173,FFSS,4996.010702766245,5051.517917588388
Tropics,SAT11,1173,FFSS,10948.797788896258,11004.516099688248
Tropics,SAT11,347,FFSS,8966.312284042622,9020.347299834983
Tropics,SAT11,1125,FFSS,5584.991435982804,5640.7569380795485
Tropics,SAT11,635,FFSS,9425.273046480435,9478.98373121752
Tropics,SAT11,30,FFSS,7891.154538617738,7946.6315642355
Tropics,SAT11,30,FFSS,13844.108603325038,13899.369476091639
Tropics,SAT11,885,FFSS,442.7915148172603,498.4189684105253
Tropics,SAT11,421,FFSS,3396.6728314501347,3450.7705118533013
Tropics,SAT11,606,FFSS,904.3809302891606,959.6615133127241
Tropics,SAT11,1064,FFSS,11375.003681439914,11430.98997680368
Tropics,SAT11,35,FFSS,2358.954607864313,2414.3526150711286
Tropics,SAT11,535,FFSS,1049.0446717362831,1104.4333048408098
Tropics,SAT11,597,FFSS,12284.653201529916,12340.091472845188
Tropics,SAT11,1163,FFSS,16144.510915852254,16199.776610939087
Tropics,SAT11,702,FFSS,15190.995153350495,15244.869314005087
Tropics,SAT11,630,FFSS,15086.238485480464,15140.013898380033
Tropics,SAT11,206,FFSS,20093.067993550037,20147.519617863916
Tropics,SAT11,129,FFSS,18808.049648606546,18863.703406503853
Tropics,SAT11,520,FFSS,18019.470050102296,18074.94667414183
Tropics,SAT11,1111,FFSS,10420.97025476203,10476.075975144146
Tropics,SAT11,192,FFSS,12978.123978997482,13033.60992069777
Tropics,SAT11,1166,FFSS,10420.970254762029,10476.075975144146
Tropics,SAT11,87,FFSS,14097.041456714976,14151.925486600805
Tropics,SAT11,1168,FFSS,16480.911613155215,16536.545592636994
Tropics,SAT11,1216,FFSS,16313.7345393686,16369.259826073026
Tropics,SAT11,188,FFSS,18659.85386311345,18715.438178017786
Tropics,SAT11,1118,FFSS,16955.33919337694,17011.20811375297
Tropics,SAT11,625,FFSS,20747.144153797024,20801.097851260318
Tropics,SAT11,1124,FFSS,5507.61219514852,5563.715658891119
Tropics,SAT11,808,FFSS,11928.77765820259,11984.10771847168
Tropics,SAT11,601,FFSS,6565.2133711294355,6620.693960869285
Tropics,SAT11,640,FFSS,3764.2491365133706,3818.010866123867
Tropics,SAT11,1104,FFSS,15901.844504427374,15956.817408627978
Tropics,SAT11,150,FFSS,8546.535149922169,8601.422078179867
Tropics,SAT11,784,FFSS,3991.317337678776,4045.275944549678
Tropics,SAT11,770,FFSS,21009.26453807468,21063.2469476988
Tropics,SAT11,143,FFSS,19945.212715902522,19999.840641671573
Tropics,SAT11,985,FFSS,9972.475516662473,10020.242332013344
Tropics,SAT11,86,FFSS,14019.803424325853,14075.119380805514
Tropics,SAT11,937,FFSS,17329.950184762256,17385.75839328948
Tropics,SAT11,743,FFSS,6375.79248297862,6431.0819259188465
Tropics,SAT11,734,FFSS,17740.83103189452,17751.558497259422
Tropics,SAT11,566,FFSS,3643.0772727645426,3696.79498841354
Tropics,SAT11,1068,FFSS,5712.26377210979,5768.144897290429
Tropics,SAT11,1171,FFSS,10780.162989960845,10835.765830367787
Tropics,SAT11,1171,FFSS,16732.051795047242,16787.97551911365
Tropics,SAT11,25,FFSS,19376.886347185697,19432.29694007979
Tropics,SAT11,881,FFSS,6144.950973386814,6200.37204746133
Tropics,SAT11,942,FFSS,11700.809781053835,11756.340977191598
Tropics,SAT11,1174,FFSS,5079.482316210611,5135.0511694583665
Tropics,SAT11,1174,FFSS,11032.044250542875,11087.870415039122
Tropics,SAT11,1117,FFSS,16879.030073530255,16934.916373442255
Tropics,SAT11,34,FFSS,2274.5307490333876,2329.982908229523
Tropics,SAT11,34,FFSS,8226.417826536106,8281.746994808394
Tropics,SAT11,450,FFSS,18153.575545102096,18208.785739221094
Tropics,SAT11,352,FFSS,3326.870660319874,3381.0190655451056
Tropics,SAT11,1170,FFSS,10696.344318012361,10751.849623053136
Tropics,SAT11,1170,FFSS,16649.33417616896,16705.06431041601
Tropics,SAT11,323,FFSS,7041.381606264126,7096.671192492181
Tropics,SAT11,1167,FFSS,16396.818397447823,16452.343522171755
Tropics,SAT11,154,FFSS,2883.7367610273536,2938.512660525944
Tropics,SAT11,489,FFSS,9232.814414545552,9247.203366601689
Tropics,SAT11,872,FFSS,17486.04213810376,17541.451544689753
Tropics,SAT11,1217,FFSS,16396.81839744782,16452.34352217175
Tropics,SAT11,1072,FFSS,49.46676689600065,105.26583433432981
Tropics,SAT11,1176,FFSS,5248.146286727306,5303.860312303516
Tropics,SAT1,609,FFSS_22.0_FOR,19838.08239819686,19892.754198858736
Tropics,SAT1,33,FFSS_22.0_FOR,20948.399758762534,21003.457298077654
Tropics,SAT1,471,FFSS_22.0_FOR,14370.677827693775,14424.577404804575
Tropics,SAT1,758,FFSS_22.0_FOR,8195.458713522314,8250.159005153117
Tropics,SAT1,1184,FFSS_22.0_FOR,6844.451797933711,6899.180971302363
Tropics,SAT1,1184,FFSS_22.0_FOR,12786.959400283298,12841.602909213329
Tropics,SAT1,1184,FFSS_22.0_FOR,18721.503554051418,18777.863405024767
Tropics,SAT1,798,FFSS_22.0_FOR,11704.467835981744,11760.27963388694
Tropics,SAT1,1191,FFSS_22.0_FOR,1488.369365738228,1543.007085572966
Tropics,SAT1,272,FFSS_22.0_FOR,8975.532685405791,9030.698988673163
Tropics,SAT1,764,FFSS_22.0_FOR,2612.7780577857347,2666.930582528201
Tropics,SAT1,1141,FFSS_22.0_FOR,1786.448129917986,1840.9218133957322
Tropics,SAT1,832,FFSS_22.0_FOR,2413.4479469303224,2468.372070993624
Tropics,SAT1,536,FFSS_22.0_FOR,19866.60864909997,19920.82355816481
Tropics,SAT1,1190,FFSS_22.0_FOR,1404.2530115627058,1458.9105784982955
Tropics,SAT1,1190,FFSS_22.0_FOR,7342.76392921437,7398.193831329358
Tropics,SAT1,692,FFSS_22.0_FOR,2629.627929114053,2685.0001649938895
Tropics,SAT1,1136,FFSS_22.0_FOR,7345.499200716964,7400.72781867987
Tropics,SAT1,755,FFSS_22.0_FOR,13958.788065750308,14013.708039754236
Tropics,SAT1,406,FFSS_22.0_FOR,8824.02314186947,8878.049513224489
Tropics,SAT1,834,FFSS_22.0_FOR,2534.7087749574503,2590.417161803652
Tropics,SAT1,1188,FFSS_22.0_FOR,1236.318645188841,1290.948991113289
Tropics,SAT1,1188,FFSS_22.0_FOR,7179.5160344396945,7234.155142448039
Tropics,SAT1,820,FFSS_22.0_FOR,19512.9049572327,19568.0034258054
Tropics,SAT1,1194,FFSS_22.0_FOR,1731.706962407799,1788.057194900978
Tropics,SAT1,396,FFSS_22.0_FOR,20101.843632315067,20155.845371790187
Tropics,SAT1,824,FFSS_22.0_FOR,13814.14579017648,13868.080788917247
Tropics,SAT1,36,FFSS_22.0_FOR,15258.174312736552,15313.497378712485
Tropics,SAT1,36,FFSS_22.0_FOR,21197.887430431067,21252.54737484396
Tropics,SAT1,1181,FFSS_22.0_FOR,12535.227516363277,12589.888057695165
Tropics,SAT1,1181,FFSS_22.0_FOR,18478.212347966175,18532.84879349287
Tropics,SAT1,435,FFSS_22.0_FOR,11107.807760025462,11161.8529825306
Tropics,SAT1,730,FFSS_22.0_FOR,5875.7487976839975,5929.528329433041
Tropics,SAT1,749,FFSS_22.0_FOR,19542.624474534154,19596.65673395949
Tropics,SAT1,402,FFSS_22.0_FOR,14523.921388982899,14579.203749640206
Tropics,SAT1,547,FFSS_22.0_FOR,8630.678349885362,8685.748122521458
Tropics,SAT1,936,FFSS_22.0_FOR,11914.606795941807,11969.173099142496
Tropics,SAT1,476,FFSS_22.0_FOR,8727.344986862625,8781.780597470199
Tropics,SAT1,763,FFSS_22.0_FOR,2552.768758354652,2606.8158154167395
Tropics,SAT1,510,FFSS_22.0_FOR,5453.136648007225,5508.854669135429
Tropics,SAT1,1142,FFSS_22.0_FOR,1861.0651879434101,1916.0711990918255
Tropics,SAT1,85,FFSS_22.0_FOR,20747.877803099058,20802.65315052582
Tropics,SAT1,1183,FFSS_22.0_FOR,6763.039653632705,6818.32793522141
Tropics,SAT1,1183,FFSS_22.0_FOR,12702.708345502602,12757.36406827564
Tropics,SAT1,1183,FFSS_22.0_FOR,18642.720615648974,18697.857790888193
Tropics,SAT1,43,FFSS_22.0_FOR,3958.5759036247637,4013.637601206313
Tropics,SAT1,43,FFSS_22.0_FOR,9899.43493027288,9954.091168285027
Tropics,SAT1,43,FFSS_22.0_FOR,15837.932685231412,15893.329621631292
Tropics,SAT1,1135,FFSS_22.0_FOR,7264.513933128815,7320.772723527265
Tropics,SAT1,1135,FFSS_22.0_FOR,13211.70223509384,13267.20863847083
Tropics,SAT1,1132,FFSS_22.0_FOR,1053.3621337539719,1108.1690377956936
Tropics,SAT1,1132,FFSS_22.0_FOR,12982.02439598594,13037.577752726032
Tropics,SAT1,299,FFSS_22.0_FOR,5127.830401062191,5182.666982075086
Tropics,SAT1,864,FFSS_22.0_FOR,17470.399453165435,17525.456419686678
Tropics,SAT1,1000,FFSS_22.0_FOR,11931.429944196152,11986.554125872592
Tropics,SAT1,901,FFSS_22.0_FOR,2376.4806051305936,2430.572657740134
Tropics,SAT1,1177,FFSS_22.0_FOR,18143.679206834015,18198.521126695963
Tropics,SAT1,110,FFSS_22.0_FOR,4821.924505642772,4876.308010244693
Tropics,SAT1,40,FFSS_22.0_FOR,9648.996567254144,9703.873058825002
Tropics,SAT1,40,FFSS_22.0_FOR,15590.812390989271,15645.460073343782
Tropics,SAT1,40,FFSS_22.0_FOR,21527.471243100426,21583.2684210677
Tropics,SAT1,750,FFSS_22.0_FOR,19602.606725041718,19656.77558787994
Tropics,SAT1,162,FFSS_22.0_FOR,10326.103047278442,10382.46288097973
Tropics,SAT1,647,FFSS_22.0_FOR,17042.994907719178,17096.86897743505
Tropics,SAT1,169,FFSS_22.0_FOR,4850.846450252137,4906.362432755785
Tropics,SAT1,224,FFSS_22.0_FOR,16265.75926446254,16319.826815389208
Tropics,SAT1,367,FFSS_22.0_FOR,5232.462086973596,5287.844494218095
Tropics,SAT1,170,FFSS_22.0_FOR,4921.096275295971,4975.203601812445
Tropics,SAT1,95,FFSS_22.0_FOR,9627.594403329284,9683.380152385938
Tropics,SAT1,95,FFSS_22.0_FOR,21556.704818696922,21600.0
Tropics,SAT1,107,FFSS_22.0_FOR,10544.960161171524,10600.795423783184
Tropics,SAT1,590,FFSS_22.0_FOR,28.100167455948096,83.19226213381413
Tropics,SAT1,165,FFSS_22.0_FOR,10544.960161171524,10600.795423783184
Tropics,SAT1,1179,FFSS_22.0_FOR,12373.048798587828,12429.172084562773
Tropics,SAT1,1179,FFSS_22.0_FOR,18309.83615239912,18364.474018903733
Tropics,SAT1,38,FFSS_22.0_FOR,15422.55054652506,15477.189469697088
Tropics,SAT1,38,FFSS_22.0_FOR,21365.706340511475,21420.345387704736
Tropics,SAT1,225,FFSS_22.0_FOR,16331.244231053297,16386.646532110226
Tropics,SAT1,1122,FFSS_22.0_FOR,18122.300675005146,18178.05592632046
Tropics,SAT1,541,FFSS_22.0_FOR,14219.274881491538,14273.101121372794
Tropics,SAT1,661,FFSS_22.0_FOR,41.15043587737879,95.40654446301671
Tropics,SAT1,467,FFSS_22.0_FOR,20073.828157663233,20129.166467571136
Tropics,SAT1,754,FFSS_22.0_FOR,13899.622622692235,13953.350177388016
Tropics,SAT1,729,FFSS_22.0_FOR,5815.573995769249,5869.838340232438
Tropics,SAT1,897,FFSS_22.0_FOR,8068.071413857644,8123.018942983603
Tropics,SAT1,167,FFSS_22.0_FOR,10659.457591741215,10714.530732151678
Tropics,SAT1,753,FFSS_22.0_FOR,13837.830106028394,13893.517140959555
Tropics,SAT1,164,FFSS_22.0_FOR,10475.74793036907,10530.050287180258
Tropics,SAT1,481,FFSS_22.0_FOR,3083.991069387896,3139.297588885943
Tropics,SAT1,227,FFSS_22.0_FOR,10523.721279292195,10578.939841399353
Tropics,SAT1,343,FFSS_22.0_FOR,3270.1919613869536,3324.19049067795
Tropics,SAT1,886,FFSS_22.0_FOR,19263.768913391246,19319.613504128196
Tropics,SAT1,512,FFSS_22.0_FOR,5572.469774590269,5627.133265259529
Tropics,SAT1,656,FFSS_22.0_FOR,5688.356575171724,5743.2959055687
Tropics,SAT1,805,FFSS_22.0_FOR,243.6768606223771,298.87067840214866
Tropics,SAT1,951,FFSS_22.0_FOR,19135.0689243132,19191.02929120198
Tropics,SAT1,891,FFSS_22.0_FOR,13635.64708673767,13690.152344680084
Tropics,SAT1,1189,FFSS_22.0_FOR,1319.9908510105108,1374.6292572754924
Tropics,SAT1,1189,FFSS_22.0_FOR,7262.167487883533,7316.95521929764
Tropics,SAT1,109,FFSS_22.0_FOR,4749.375504434238,4803.899277329153
Tropics,SAT1,163,FFSS_22.0_FOR,10402.711355159501,10457.370204292605
Tropics,SAT1,1180,FFSS_22.0_FOR,12453.25961051055,12508.28401251538
Tropics,SAT1,1180,FFSS_22.0_FOR,18394.100353709073,18448.75608236691
Tropics,SAT1,37,FFSS_22.0_FOR,15339.604276846243,15394.360073768074
Tropics,SAT1,37,FFSS_22.0_FOR,21282.142933907566,21336.77915945817
Tropics,SAT1,274,FFSS_22.0_FOR,9104.983998508871,9160.348875123904
Tropics,SAT1,1186,FFSS_22.0_FOR,1073.0290572448887,1128.681631025708
Tropics,SAT1,1186,FFSS_22.0_FOR,7011.329142916891,7065.978332602411
Tropics,SAT1,1186,FFSS_22.0_FOR,12952.575015441353,13007.502306304421
Tropics,SAT1,300,FFSS_22.0_FOR,5191.800463037889,5245.59488305981
Tropics,SAT1,1081,FFSS_22.0_FOR,7575.801554043098,7630.4545477468355
Tropics,SAT1,623,FFSS_22.0_FOR,2825.2232214872874,2879.1117686777416
Tropics,SAT1,944,FFSS_22.0_FOR,544.6969258396853,598.6092042656664
Tropics,SAT1,964,FFSS_22.0_FOR,2145.182385146879,2201.1692904889087
Tropics,SAT1,334,FFSS_22.0_FOR,14592.564529133851,14646.51905426206
Tropics,SAT1,1001,FFSS_22.0_FOR,11998.399308861242,12052.463619675435
Tropics,SAT1,537,FFSS_22.0_FOR,19925.971881721445,19979.90187907613
Tropics,SAT1,108,FFSS_22.0_FOR,4673.215195780107,4729.294806130153
Tropics,SAT1,819,FFSS_22.0_FOR,19453.207140387996,19506.99077729094
Tropics,SAT1,1134,FFSS_22.0_FOR,1213.360713694489,1270.1562424423566
Tropics,SAT1,1134,FFSS_22.0_FOR,13138.247295484043,13192.761810284917
Tropics,SAT1,1193,FFSS_22.0_FOR,1652.9030247462224,1708.0371017084644
Tropics,SAT1,873,FFSS_22.0_FOR,6148.0617438246,6203.280407673301
Tropics,SAT1,411,FFSS_22.0_FOR,3185.1391455361068,3239.874487746428
Tropics,SAT1,806,FFSS_22.0_FOR,304.6974264531948,358.3639503440679
Tropics,SAT1,269,FFSS_22.0_FOR,14724.613544487485,14778.816922956334
Tropics,SAT1,966,FFSS_22.0_FOR,2276.479151295978,2331.138166514332
Tropics,SAT1,90,FFSS_22.0_FOR,15185.884393759703,15240.528912253627
Tropics,SAT1,585,FFSS_22.0_FOR,5679.939277766793,5734.470901073289
Tropics,SAT1,45,FFSS_22.0_FOR,4123.891529523518,4178.532008560068
Tropics,SAT1,45,FFSS_22.0_FOR,10066.708943681993,10121.388794408866
Tropics,SAT1,1023,FFSS_22.0_FOR,7757.061902230985,7811.227223107612
Tropics,SAT1,339,FFSS_22.0_FOR,8962.891939716998,9017.57180533605
Tropics,SAT1,1127,FFSS_22.0_FOR,6614.453511838813,6668.957162023997
Tropics,SAT1,1127,FFSS_22.0_FOR,18536.155688611823,18593.081660436692
Tropics,SAT1,48,FFSS_22.0_FOR,4375.869823741004,4430.507115533058
Tropics,SAT1,546,FFSS_22.0_FOR,8571.851646244364,8625.513821716593
Tropics,SAT1,622,FFSS_22.0_FOR,2766.6064238538543,2820.8302681065743
Tropics,SAT1,214,FFSS_22.0_FOR,3490.1061646840426,3544.282436821878
Tropics,SAT1,201,FFSS_22.0_FOR,20439.758309865432,20494.557684010302
Tropics,SAT1,364,FFSS_22.0_FOR,10994.59074739487,11048.671416056115
Tropics,SAT1,792,FFSS_22.0_FOR,17282.364337816467,17336.082271912044
Tropics,SAT1,1005,FFSS_22.0_FOR,6326.107360242459,6380.178569560678
Tropics,SAT1,1004,FFSS_22.0_FOR,6259.316087222402,6314.778409902386
Tropics,SAT1,101,FFSS_22.0_FOR,10123.640156008765,10179.51358299735
Tropics,SAT1,101,FFSS_22.0_FOR,16067.266147208986,16123.400417216404
Tropics,SAT1,213,FFSS_22.0_FOR,3423.3830610725195,3479.1250554661087
Tropics,SAT1,653,FFSS_22.0_FOR,11454.537466686468,11509.122446997266
Tropics,SAT1,205,FFSS_22.0_FOR,14767.612796800182,14822.677729867262
Tropics,SAT1,688,FFSS_22.0_FOR,8337.47717001393,8391.276523033368
Tropics,SAT1,1022,FFSS_22.0_FOR,7687.055565604649,7742.4958312363815
Tropics,SAT1,438,FFSS_22.0_FOR,5343.032670831282,5398.623703188964
Tropics,SAT1,725,FFSS_22.0_FOR,11519.045974838024,11572.633563316565
Tropics,SAT1,475,FFSS_22.0_FOR,8667.350659156104,8721.211970755998
Tropics,SAT1,956,FFSS_22.0_FOR,13517.138270572414,13571.613091290383
Tropics,SAT1,1076,FFSS_22.0_FOR,13152.268370969137,13208.828248124519
Tropics,SAT1,146,FFSS_22.0_FOR,14994.17278003629,15048.579211015489
Tropics,SAT1,943,FFSS_22.0_FOR,480.5267882192544,535.604504508324
Tropics,SAT1,892,FFSS_22.0_FOR,13698.93285352553,13752.962262885834
Tropics,SAT1,400,FFSS_22.0_FOR,14401.903022509272,14457.185067117329
Tropics,SAT1,828,FFSS_22.0_FOR,8114.354034408142,8168.246662288017
Tropics,SAT1,1071,FFSS_22.0_FOR,787.6410425636832,841.9710595112152
Tropics,SAT1,97,FFSS_22.0_FOR,3833.6471637688264,3888.1560454924643
Tropics,SAT1,97,FFSS_22.0_FOR,15759.723053275175,15815.951835618709
Tropics,SAT1,155,FFSS_22.0_FOR,3761.7889306963043,3817.9586359188397
Tropics,SAT1,141,FFSS_22.0_FOR,20576.077247456935,20630.964087787554
Tropics,SAT1,1086,FFSS_22.0_FOR,1994.7492657185003,2049.2593851687056
Tropics,SAT1,1120,FFSS_22.0_FOR,17966.210295212328,18020.63176391783
Tropics,SAT1,862,FFSS_22.0_FOR,17344.89385120722,17400.2304563098
Tropics,SAT1,42,FFSS_22.0_FOR,3878.3589240677447,3934.5329402319708
Tropics,SAT1,42,FFSS_22.0_FOR,9815.165511202697,9869.81380939896
Tropics,SAT1,42,FFSS_22.0_FOR,15757.34628065263,15812.108931630553
Tropics,SAT1,470,FFSS_22.0_FOR,14310.489709566216,14364.860086591845
Tropics,SAT1,465,FFSS_22.0_FOR,19953.521671508737,20008.75679989624
Tropics,SAT1,329,FFSS_22.0_FOR,20222.41562390013,20276.421453312385
Tropics,SAT1,584,FFSS_22.0_FOR,5621.958907689814,5675.547200624846
Tropics,SAT1,614,FFSS_22.0_FOR,14186.245844739595,14241.483621934862
Tropics,SAT1,580,FFSS_22.0_FOR,11331.733175317855,11385.827745675846
Tropics,SAT1,1138,FFSS_22.0_FOR,1546.2616316817293,1603.1942246438418
Tropics,SAT1,1138,FFSS_22.0_FOR,7499.844173850303,7554.530010631427
Tropics,SAT1,502,FFSS_22.0_FOR,16868.033294808807,16921.723141210645
Tropics,SAT1,1018,FFSS_22.0_FOR,13359.896696160971,13415.055230931634
Tropics,SAT1,1137,FFSS_22.0_FOR,7424.141774990493,7478.684925235285
Tropics,SAT1,427,FFSS_22.0_FOR,16571.840214662578,16626.63625887518
Tropics,SAT1,589,FFSS_22.0_FOR,0.0,23.913992777306007
Tropics,SAT1,359,FFSS_22.0_FOR,16575.06853268691,16630.493072772522
Tropics,SAT1,684,FFSS_22.0_FOR,14044.102380961216,14098.068373486307
Tropics,SAT1,1078,FFSS_22.0_FOR,13302.392267670857,13356.736771802469
Tropics,SAT1,203,FFSS_22.0_FOR,20575.970880034925,20631.67256147883
Tropics,SAT1,1027,FFSS_22.0_FOR,2084.6598134144615,2138.884644532167
Tropics,SAT1,142,FFSS_22.0_FOR,20647.747168495134,20702.093323693713
Tropics,SAT1,1070,FFSS_22.0_FOR,716.9828802976298,772.9559639510171
Tropics,SAT1,147,FFSS_22.0_FOR,15068.229082177548,15123.886323641915
Tropics,SAT1,735,FFSS_22.0_FOR,232.4095112399105,286.72042629639515
Tropics,SAT1,1084,FFSS_22.0_FOR,1846.4950320677888,1902.498505810219
Tropics,SAT1,952,FFSS_22.0_FOR,19202.491626445688,19256.59380981107
Tropics,SAT1,960,FFSS_22.0_FOR,7831.369945317214,7886.477896901572
Tropics,SAT1,1015,FFSS_22.0_FOR,19101.65638509029,19155.822670730944
Tropics,SAT1,210,FFSS_22.0_FOR,9162.384849585776,9216.533272771541
Tropics,SAT1,1075,FFSS_22.0_FOR,19026.1012294644,19081.537396801697
Tropics,SAT1,209,FFSS_22.0_FOR,9095.48815468898,9150.866526682228
Tropics,SAT1,1009,FFSS_22.0_FOR,653.8434998493291,707.9631319752973
Tropics,SAT1,823,FFSS_22.0_FOR,13752.692124215315,13807.14511117004
Tropics,SAT1,1024,FFSS_22.0_FOR,7823.323311615944,7878.338932885421
Tropics,SAT1,1060,FFSS_22.0_FOR,17820.783436295416,17875.0855767634
Tropics,SAT1,1069,FFSS_22.0_FOR,6588.189119789433,6644.165116166653
Tropics,SAT1,1008,FFSS_22.0_FOR,587.2211076798606,643.0711152644791
Tropics,SAT1,405,FFSS_22.0_FOR,8763.078791454012,8817.389039202637
Tropics,SAT1,833,FFSS_22.0_FOR,2475.534653389316,2529.331691024012
Tropics,SAT1,1019,FFSS_22.0_FOR,13429.393981441006,13483.539517867133
Tropics,SAT1,228,FFSS_22.0_FOR,10640.344901167173,10696.23006624803
Tropics,SAT1,151,FFSS_22.0_FOR,9414.988670740344,9470.894260866207
Tropics,SAT1,1020,FFSS_22.0_FOR,13495.145040024903,13550.465711701003
Tropics,SAT1,289,FFSS_22.0_FOR,16326.523547503097,16381.531777391961
Tropics,SAT1,575,FFSS_22.0_FOR,16983.47791460173,17037.25868655631
Tropics,SAT1,1126,FFSS_22.0_FOR,6540.251860570428,6595.907052045989
Tropics,SAT1,1126,FFSS_22.0_FOR,12485.797797782187,12541.907633845922
Tropics,SAT1,52,FFSS_22.0_FOR,4643.587114517072,4698.048246781345
Tropics,SAT1,105,FFSS_22.0_FOR,4487.350785045918,4542.873522550936
Tropics,SAT1,693,FFSS_22.0_FOR,2690.088610055146,2743.746545207518
Tropics,SAT1,91,FFSS_22.0_FOR,15264.300252653335,15319.746424688057
Tropics,SAT1,724,FFSS_22.0_FOR,11458.611449873806,11513.745281648151
Tropics,SAT1,53,FFSS_22.0_FOR,4717.049039343168,4772.488852657494
Tropics,SAT1,104,FFSS_22.0_FOR,4405.732484144101,4462.3145267838845
Tropics,SAT1,104,FFSS_22.0_FOR,10356.22694227359,10411.178569177044
Tropics,SAT1,551,FFSS_22.0_FOR,2924.3483621574533,2978.070712421683
Tropics,SAT1,662,FFSS_22.0_FOR,100.5923523512812,154.31100097429484
Tropics,SAT1,658,FFSS_22.0_FOR,5806.837775891643,5862.21282693041
Tropics,SAT1,1133,FFSS_22.0_FOR,1132.427902714499,1188.1745954078804
Tropics,SAT1,1133,FFSS_22.0_FOR,13061.512959118985,13116.21599707459
Tropics,SAT1,479,FFSS_22.0_FOR,2963.668318997836,3018.9351955572556
Tropics,SAT1,295,FFSS_22.0_FOR,10821.397689815345,10875.406495311609
Tropics,SAT1,358,FFSS_22.0_FOR,16514.204303257568,16567.983493453637
Tropics,SAT1,759,FFSS_22.0_FOR,8256.335103955531,8310.100909384431
Tropics,SAT1,1139,FFSS_22.0_FOR,1628.434311760437,1684.3412739017226
Tropics,SAT1,1139,FFSS_22.0_FOR,7572.118119738814,7628.306692039019
Tropics,SAT1,574,FFSS_22.0_FOR,16924.893622139465,16978.982884485857
Tropics,SAT1,867,FFSS_22.0_FOR,11714.928729482603,11769.065298122106
Tropics,SAT1,338,FFSS_22.0_FOR,8900.026439160894,8953.985798434269
Tropics,SAT1,545,FFSS_22.0_FOR,8511.868062632335,8567.35381025745
Tropics,SAT1,689,FFSS_22.0_FOR,8396.325399424844,8450.77849971696
Tropics,SAT1,171,FFSS_22.0_FOR,4987.601798369447,5042.394317299909
Tropics,SAT1,160,FFSS_22.0_FOR,16129.506029444607,16183.758843988699
Tropics,SAT1,440,FFSS_22.0_FOR,5463.986464896898,5518.776743131871
Tropics,SAT1,1140,FFSS_22.0_FOR,1708.7170383581993,1763.6585176219187
Tropics,SAT1,223,FFSS_22.0_FOR,16196.527447891443,16251.4798010745
Tropics,SAT1,997,FFSS_22.0_FOR,17670.720532029958,17724.818288917195
Tropics,SAT1,1059,FFSS_22.0_FOR,17749.002847598433,17803.716208447684
Tropics,SAT1,818,FFSS_22.0_FOR,19390.52598105544,19445.990856601205
Tropics,SAT1,158,FFSS_22.0_FOR,15978.93618519762,16035.589883332388
Tropics,SAT1,1080,FFSS_22.0_FOR,7499.409222490314,7555.683624927165
Tropics,SAT1,996,FFSS_22.0_FOR,17603.564012283638,17658.39900206514
Tropics,SAT1,876,FFSS_22.0_FOR,392.53157472645114,446.58600984718737
Tropics,SAT1,499,FFSS_22.0_FOR,16690.52963028703,16745.104760704122
Tropics,SAT1,998,FFSS_22.0_FOR,17739.51799647769,17794.98247055164
Tropics,SAT1,1123,FFSS_22.0_FOR,12252.769848457832,12307.48949499459
Tropics,SAT1,1123,FFSS_22.0_FOR,18203.24643252147,18260.049948971904
Tropics,SAT1,939,FFSS_22.0_FOR,6165.11224902558,6219.493672696456
Tropics,SAT1,342,FFSS_22.0_FOR,3207.5670137954207,3262.1726031290814
Tropics,SAT1,932,FFSS_22.0_FOR,17599.79215638627,17655.076824067128
Tropics,SAT1,94,FFSS_22.0_FOR,9548.508674961415,9603.362704004276
Tropics,SAT1,94,FFSS_22.0_FOR,21477.228242331585,21532.74546253189
Tropics,SAT1,550,FFSS_22.0_FOR,2864.724292469386,2919.41199040359
Tropics,SAT1,694,FFSS_22.0_FOR,2748.4270348592536,2803.5948713155717
Tropics,SAT1,98,FFSS_22.0_FOR,3911.3605511092505,3966.483966070262
Tropics,SAT1,98,FFSS_22.0_FOR,15840.699393922534,15895.888077694268
Tropics,SAT1,268,FFSS_22.0_FOR,14660.123136243714,14714.59633189859
Tropics,SAT1,1119,FFSS_22.0_FOR,17891.31244471914,17946.40339045094
Tropics,SAT1,344,FFSS_22.0_FOR,3333.4821695985574,3389.619562298618
Tropics,SAT1,278,FFSS_22.0_FOR,3419.796439037447,3474.4474867801714
Tropics,SAT1,827,FFSS_22.0_FOR,8092.155610376694,8107.1753419074685
Tropics,SAT1,940,FFSS_22.0_FOR,6229.581266666554,6283.685519315348
Tropics,SAT1,678,FFSS_22.0_FOR,19631.77751108812,19686.525486016126
Tropics,SAT1,410,FFSS_22.0_FOR,3124.1910395311174,3178.0252225999975
Tropics,SAT1,1085,FFSS_22.0_FOR,1922.4366758112446,1976.9681306584512
Tropics,SAT1,1083,FFSS_22.0_FOR,7717.56947807278,7773.662916892468
Tropics,SAT1,1073,FFSS_22.0_FOR,935.006655810205,991.2560518991071
Tropics,SAT1,1073,FFSS_22.0_FOR,18882.348228647985,18937.31370237835
Tropics,SAT1,102,FFSS_22.0_FOR,10203.912918542857,10258.810532281115
Tropics,SAT1,807,FFSS_22.0_FOR,365.6643558848351,420.81433676984886
Tropics,SAT1,1065,FFSS_22.0_FOR,12241.412439368227,12297.13026969589
Tropics,SAT1,1082,FFSS_22.0_FOR,7648.603561659138,7703.014355112002
Tropics,SAT1,152,FFSS_22.0_FOR,3551.5363250560313,3600.3571575464116
Tropics,SAT1,96,FFSS_22.0_FOR,3758.048282047505,3812.830726812391
Tropics,SAT1,96,FFSS_22.0_FOR,9708.54489276114,9765.368543769346
Tropics,SAT1,1079,FFSS_22.0_FOR,13371.869170227625,13427.61345442831
Tropics,SAT1,1121,FFSS_22.0_FOR,18043.220301492423,18098.032550754986
Tropics,SAT1,1077,FFSS_22.0_FOR,13229.105260570188,13283.902873337422
Tropics,SAT1,333,FFSS_22.0_FOR,14529.962496168251,14584.699204318713
Tropics,SAT1,1061,FFSS_22.0_FOR,17894.676314963595,17950.152465955278
Tropics,SAT1,648,FFSS_22.0_FOR,17102.19201085689,17156.206602942035
Tropics,SAT1,868,FFSS_22.0_FOR,11777.624069346622,11831.743948623425
Tropics,SAT1,166,FFSS_22.0_FOR,10593.462599013981,10647.53006445504
Tropics,SAT1,32,FFSS_22.0_FOR,20868.170187765754,20924.332094603822
Tropics,SAT1,360,FFSS_22.0_FOR,16693.02117147676,16748.64412543883
Tropics,SAT1,1178,FFSS_22.0_FOR,18226.158590426003,18280.78682430327
Tropics,SAT1,429,FFSS_22.0_FOR,16693.021171476757,16748.644125438826
Tropics,SAT1,1185,FFSS_22.0_FOR,6927.383795688248,6982.004992966144
Tropics,SAT1,1185,FFSS_22.0_FOR,12870.524163725082,12925.180847879816
Tropics,SAT1,39,FFSS_22.0_FOR,9568.15815725662,9623.846814159471
Tropics,SAT1,39,FFSS_22.0_FOR,15506.506227438362,15561.162510014898
Tropics,SAT1,39,FFSS_22.0_FOR,21447.75116816513,21502.651204384987
Tropics,SAT1,683,FFSS_22.0_FOR,13984.70975657265,14038.872927250673
Tropics,SAT1,439,FFSS_22.0_FOR,5404.823930248368,5458.4393856314555
Tropics,SAT1,726,FFSS_22.0_FOR,11578.890683307038,11634.098963106833
Tropics,SAT1,44,FFSS_22.0_FOR,4040.54969237894,4095.2354974314694
Tropics,SAT1,44,FFSS_22.0_FOR,9983.553438358309,10038.178709983482
Tropics,SAT1,871,FFSS_22.0_FOR,6022.493685121921,6077.650571724282
Tropics,SAT1,542,FFSS_22.0_FOR,14278.350529779877,14332.740059158208
Tropics,SAT1,92,FFSS_22.0_FOR,9396.58692395771,9451.746167032363
Tropics,SAT1,92,FFSS_22.0_FOR,15344.66684908996,15401.160888349787
Tropics,SAT1,296,FFSS_22.0_FOR,10883.783578714447,10938.060798494582
Tropics,SAT1,1125,FFSS_22.0_FOR,12406.069300193501,12461.155811498684
Tropics,SAT1,357,FFSS_22.0_FOR,16450.02673434337,16505.012713837314
Tropics,SAT1,612,FFSS_22.0_FOR,14069.229819910879,14124.458440533734
Tropics,SAT1,153,FFSS_22.0_FOR,3614.678542250805,3669.1255739733438
Tropics,SAT1,368,FFSS_22.0_FOR,5295.154935174469,5348.831100926632
Tropics,SAT1,796,FFSS_22.0_FOR,11582.48128462204,11637.101676940712
Tropics,SAT1,234,FFSS_22.0_FOR,5087.4272164865715,5141.514869259239
Tropics,SAT1,931,FFSS_22.0_FOR,17534.54370162327,17588.45670476757
Tropics,SAT1,1064,FFSS_22.0_FOR,12167.22376329962,12221.60047109174
Tropics,SAT1,896,FFSS_22.0_FOR,8006.537521059843,8060.443791021454
Tropics,SAT1,35,FFSS_22.0_FOR,21113.7342676721,21168.37560236075
Tropics,SAT1,270,FFSS_22.0_FOR,14790.35016877261,14846.67045692729
Tropics,SAT1,679,FFSS_22.0_FOR,19691.74897443303,19745.45384840895
Tropics,SAT1,1182,FFSS_22.0_FOR,12618.563999873746,12673.190506725443
Tropics,SAT1,1182,FFSS_22.0_FOR,18561.361170284774,18616.063132956482
Tropics,SAT1,1187,FFSS_22.0_FOR,1153.849149634895,1208.6964102503778
Tropics,SAT1,1187,FFSS_22.0_FOR,7095.629277350567,7150.281426564337
Tropics,SAT1,1187,FFSS_22.0_FOR,13032.306394659043,13088.138091404659
Tropics,SAT1,103,FFSS_22.0_FOR,10281.628826284545,10336.052307238751
Tropics,SAT1,1128,FFSS_22.0_FOR,6690.746154909637,6745.340380756688
Tropics,SAT1,1128,FFSS_22.0_FOR,18618.316612517807,18674.21576660893
Tropics,SAT1,363,FFSS_22.0_FOR,10933.743987777936,10987.751056490335
Tropics,SAT1,430,FFSS_22.0_FOR,16751.37584330124,16805.030069561857
Tropics,SAT1,215,FFSS_22.0_FOR,3558.3134988092675,3613.185008070717
Tropics,SAT1,500,FFSS_22.0_FOR,16751.375843301237,16805.030069561853
Tropics,SAT1,206,FFSS_22.0_FOR,14834.692228993255,14888.85373878385
Tropics,SAT1,1074,FFSS_22.0_FOR,18956.116165473264,19010.425851072167
Tropics,SAT1,428,FFSS_22.0_FOR,16633.885314629628,16687.575106604538
Tropics,SAT1,957,FFSS_22.0_FOR,13582.144890736503,13636.332933180645
Tropics,SAT1,51,FFSS_22.0_FOR,4566.845919692533,4621.507488463887
Tropics,SAT1,89,FFSS_22.0_FOR,15109.57001837183,15164.128264376372
Tropics,SAT1,887,FFSS_22.0_FOR,19328.884674196812,19382.820078101617
Tropics,SAT1,88,FFSS_22.0_FOR,15035.345839825251,15091.057377639072
Tropics,SAT1,88,FFSS_22.0_FOR,20980.969028193223,21037.116162132144
Tropics,SAT1,1016,FFSS_22.0_FOR,19166.897675335353,19222.572445126025
Tropics,SAT1,207,FFSS_22.0_FOR,14903.381233806147,14958.775096539242
Tropics,SAT1,106,FFSS_22.0_FOR,4566.845919692531,4621.507488463886
Tropics,SAT1,1067,FFSS_22.0_FOR,6441.396259528762,6495.819978134785
Tropics,SAT1,1129,FFSS_22.0_FOR,6769.140973069978,6824.54438932865
Tropics,SAT1,1129,FFSS_22.0_FOR,18698.582042408125,18753.51700157903
Tropics,SAT1,87,FFSS_22.0_FOR,20901.22091475359,20956.353704353394
Tropics,SAT1,229,FFSS_22.0_FOR,10707.772122921964,10761.785052153262
Tropics,SAT1,202,FFSS_22.0_FOR,20507.029480645495,20561.24382787943
Tropics,SAT1,1026,FFSS_22.0_FOR,2014.1458606732697,2069.898528882386
Tropics,SAT1,264,FFSS_22.0_FOR,20344.793432821578,20398.88646635162
Tropics,SAT1,961,FFSS_22.0_FOR,7897.594440076067,7951.598648503792
Tropics,SAT1,1130,FFSS_22.0_FOR,901.4843378754301,956.5880479004982
Tropics,SAT1,1130,FFSS_22.0_FOR,6849.488998288673,6905.949935063262
Tropics,SAT1,1130,FFSS_22.0_FOR,18776.290919783783,18830.76310113734
Tropics,SAT1,49,FFSS_22.0_FOR,4457.927578299367,4512.823738543513
Tropics,SAT1,793,FFSS_22.0_FOR,17343.29392558804,17397.939592454168
Tropics,SAT1,501,FFSS_22.0_FOR,16808.37217318828,16862.68344414172
Tropics,SAT1,572,FFSS_22.0_FOR,16808.372173188276,16862.683444141716
Tropics,SAT1,1002,FFSS_22.0_FOR,12066.948113950868,12122.119487484042
Tropics,SAT1,657,FFSS_22.0_FOR,5748.13780803004,5801.684630219796
Tropics,SAT1,93,FFSS_22.0_FOR,9471.49239290278,9525.968136519168
Tropics,SAT1,93,FFSS_22.0_FOR,21395.623144944642,21452.20042175099
Tropics,SAT1,99,FFSS_22.0_FOR,3991.0940102904865,4047.230124589061
Tropics,SAT1,99,FFSS_22.0_FOR,15919.3281425649,15973.823943051257
Tropics,SAT1,877,FFSS_22.0_FOR,455.25960500621505,509.4673352917542
Tropics,SAT1,507,FFSS_22.0_FOR,11220.314471748516,11274.377766476126
Tropics,SAT1,1124,FFSS_22.0_FOR,12328.361708099714,12382.821308677694
Tropics,SAT1,617,FFSS_22.0_FOR,8417.956958026576,8472.621444759674
Tropics,SAT1,273,FFSS_22.0_FOR,9039.723216250237,9093.731925730244
Tropics,SAT1,945,FFSS_22.0_FOR,609.9353209889324,665.1970410681234
Tropics,SAT1,159,FFSS_22.0_FOR,16055.986134442011,16110.803098593735
Tropics,SAT1,613,FFSS_22.0_FOR,14128.533791289923,14182.174373937756
Tropics,SAT1,150,FFSS_22.0_FOR,9340.634749610794,9395.128099351066
Tropics,SAT1,1131,FFSS_22.0_FOR,976.3674662791249,1030.7905432630248
Tropics,SAT1,1131,FFSS_22.0_FOR,12900.412178841836,12957.014943450291
Tropics,SAT1,1131,FFSS_22.0_FOR,18850.881631729633,18905.89504527821
Tropics,SAT1,608,FFSS_22.0_FOR,19780.099326816897,19833.800495996988
Tropics,SAT1,143,FFSS_22.0_FOR,20721.50966035981,20776.935701074595
Tropics,SAT1,277,FFSS_22.0_FOR,3354.9539680790385,3409.0527125310264
Tropics,SAT1,1006,FFSS_22.0_FOR,6394.415318548186,6449.3252587941115
Tropics,SAT1,941,FFSS_22.0_FOR,6295.294947354069,6351.509722077105
Tropics,SAT1,86,FFSS_22.0_FOR,20823.492051692356,20878.00401771956
Tropics,SAT1,369,FFSS_22.0_FOR,5354.861976030248,5409.825947540935
Tropics,SAT1,797,FFSS_22.0_FOR,11643.440699359926,11697.173755281201
Tropics,SAT1,233,FFSS_22.0_FOR,5022.416512114966,5076.806334739281
Tropics,SAT1,930,FFSS_22.0_FOR,17470.3683489477,17525.421739287565
Tropics,SAT1,211,FFSS_22.0_FOR,9230.82915691156,9285.945833089321
Tropics,SAT1,1028,FFSS_22.0_FOR,2151.4323410174898,2206.190810917224
Tropics,SAT1,434,FFSS_22.0_FOR,11047.827829622509,11101.754010314837
Tropics,SAT1,721,FFSS_22.0_FOR,17222.252694366896,17276.584506886466
Tropics,SAT1,290,FFSS_22.0_FOR,16392.71840486752,16446.628539649144
Tropics,SAT1,1014,FFSS_22.0_FOR,19032.66899759836,19087.577672375897
Tropics,SAT1,1068,FFSS_22.0_FOR,6513.701263879794,6568.1795285057215
Tropics,SAT1,149,FFSS_22.0_FOR,9268.446772680045,9323.004962270948
Tropics,SAT1,46,FFSS_22.0_FOR,4208.041770665098,4262.700140226377
Tropics,SAT1,46,FFSS_22.0_FOR,10148.075645867038,10203.17830083133
Tropics,SAT1,1010,FFSS_22.0_FOR,721.9184483961754,776.6000033696616
Tropics,SAT1,720,FFSS_22.0_FOR,17162.27926034585,17216.019987298503
Tropics,SAT1,618,FFSS_22.0_FOR,8476.90709671815,8530.610135508145
Tropics,SAT1,1192,FFSS_22.0_FOR,1571.52799363443,1626.2305611859165
Tropics,SAT1,511,FFSS_22.0_FOR,5513.897052408049,5567.480674519279
Tropics,SAT1,100,FFSS_22.0_FOR,10041.473919313466,10098.38348489482
Tropics,SAT1,100,FFSS_22.0_FOR,15995.013087011534,16049.646328887655
Tropics,SAT1,161,FFSS_22.0_FOR,16199.228085836607,16254.736212142858
Tropics,SAT1,111,FFSS_22.0_FOR,4890.624438688518,4908.71285813307
Tropics,SAT1,34,FFSS_22.0_FOR,21030.384375281265,21085.069890630133
Tropics,SAT1,506,FFSS_22.0_FOR,11161.21483610238,11215.05143108248
Tropics,SAT1,801,FFSS_22.0_FOR,5943.611672094688,5997.511392505774
Tropics,SAT1,953,FFSS_22.0_FOR,19266.297474756495,19320.972451593454
Tropics,SAT1,265,FFSS_22.0_FOR,20409.644878973308,20464.313305930176
Tropics,SAT1,962,FFSS_22.0_FOR,7960.251468133009,8015.706458536181
Tropics,SAT1,579,FFSS_22.0_FOR,11273.460937042211,11327.23814490328
Tropics,SAT1,401,FFSS_22.0_FOR,14462.936814623388,14516.714266821264
Tropics,SAT1,829,FFSS_22.0_FOR,8174.638526348355,8229.210331906039
Tropics,SAT1,301,FFSS_22.0_FOR,5252.474794108266,5308.096973873373
Tropics,SAT1,47,FFSS_22.0_FOR,4292.2987157936595,4346.933965276082
Tropics,SAT1,47,FFSS_22.0_FOR,10226.86644158144,10283.178601377253
Tropics,SAT1,480,FFSS_22.0_FOR,3024.1262838291605,3077.828740362865
Tropics,SAT1,230,FFSS_22.0_FOR,10771.582375209913,10826.15151302476
Tropics,SAT1,291,FFSS_22.0_FOR,16455.34623322415,16510.71432066985
Tropics,SAT1,397,FFSS_22.0_FOR,20162.776442131682,20217.115870773814
Tropics,SAT1,0,FFSS_22.0_FOR,4537.666468152388,4593.454443175137
Tropics,SAT1,154,FFSS_22.0_FOR,3687.1345858249015,3741.7387455632015
Tropics,SAT1,872,FFSS_22.0_FOR,6085.021488938542,6138.796669496488
Tropics,SAT1,330,FFSS_22.0_FOR,20285.24155692495,20339.80167937027
Tropics,SAT1,895,FFSS_22.0_FOR,7941.6331668543635,7997.289108018127
Tropics,SAT1,1063,FFSS_22.0_FOR,12095.183876118728,12149.734986007474
Tropics,SAT1,335,FFSS_22.0_FOR,14655.79689692902,14711.733845952338
Tropics,SAT1,900,FFSS_22.0_FOR,2313.397389595427,2367.796326510122
Tropics,SAT1,50,FFSS_22.0_FOR,4537.666468152387,4593.4544431751365
Tropics,SAT1,802,FFSS_22.0_FOR,6004.528626269072,6058.743446840924
Tropics,SAT1,145,FFSS_22.0_FOR,14922.24653391926,14976.951568841065
Tropics,SAT1,1072,FFSS_22.0_FOR,860.2162752967059,914.8200187746271
Tropics,SAT1,1072,FFSS_22.0_FOR,18805.0733775102,18861.93168536654
Tropics,SAT1,1176,FFSS_22.0_FOR,18062.847352898963,18118.488685096338
Tropics,SAT1,41,FFSS_22.0_FOR,9731.481910541139,9786.132215273159
Tropics,SAT1,41,FFSS_22.0_FOR,15674.699929488355,15729.323415952891
Tropics,SAT1,471,FFSS,14370.677812910897,14424.57739299761
Tropics,SAT1,1184,FFSS,6844.452031610699,6899.180971302446
Tropics,SAT1,1184,FFSS,12786.959400283282,12841.602909213325
Tropics,SAT1,1191,FFSS,1488.3693655361697,1543.00643826927
Tropics,SAT1,1141,FFSS,1786.4481299174533,1840.9210333027777
Tropics,SAT1,1190,FFSS,1404.2533617788827,1458.9105784984654
Tropics,SAT1,406,FFSS,8824.023141869187,8878.049467168254
Tropics,SAT1,1188,FFSS,1236.3190020493066,1290.9489895178992
Tropics,SAT1,1188,FFSS,7179.516400799809,7234.155142422171
Tropics,SAT1,396,FFSS,20101.84366138542,20155.845652673735
Tropics,SAT1,824,FFSS,13814.145790179396,13868.080788922436
Tropics,SAT1,36,FFSS,21197.887678264826,21252.54737495018
Tropics,SAT1,1181,FFSS,12535.227516373547,12589.888057696075
Tropics,SAT1,1181,FFSS,18478.212347964134,18532.848070607914
Tropics,SAT1,730,FFSS,5875.74891367471,5929.528324828662
Tropics,SAT1,749,FFSS,19542.624207854198,19596.657043320112
Tropics,SAT1,1183,FFSS,12702.708345502533,12757.364068275638
Tropics,SAT1,43,FFSS,9899.435060600443,9954.09116828514
Tropics,SAT1,1132,FFSS,1053.3621648474948,1108.168957178056
Tropics,SAT1,901,FFSS,2376.4806050766024,2430.572563063671
Tropics,SAT1,1177,FFSS,18143.67920683278,18198.521538769925
Tropics,SAT1,110,FFSS,4821.92450563783,4876.308009229623
Tropics,SAT1,40,FFSS,9653.290535241944,9703.87305867242
Tropics,SAT1,40,FFSS,15590.81239099056,15645.460073343778
Tropics,SAT1,224,FFSS,16265.759264461161,16319.82681532305
Tropics,SAT1,170,FFSS,4921.096275195385,4975.203601818483
Tropics,SAT1,95,FFSS,21556.704818778904,21600.0
Tropics,SAT1,1179,FFSS,18309.836448593338,18364.474018903762
Tropics,SAT1,38,FFSS,15422.550546486318,15477.189469697398
Tropics,SAT1,38,FFSS,21365.706644860104,21420.3453877542
Tropics,SAT1,541,FFSS,14219.275216037475,14273.101121380669
Tropics,SAT1,754,FFSS,13899.622622692235,13953.350177400518
Tropics,SAT1,164,FFSS,10475.747930371332,10530.050287185644
Tropics,SAT1,343,FFSS,3270.1915734954523,3324.1904906901314
Tropics,SAT1,1189,FFSS,1319.9908509533484,1374.6292572754369
Tropics,SAT1,1189,FFSS,7262.167487857461,7316.955217989761
Tropics,SAT1,109,FFSS,4749.375504430955,4803.899277328687
Tropics,SAT1,163,FFSS,10402.71135512068,10457.3702042935
Tropics,SAT1,1180,FFSS,18394.100349411445,18448.756082366737
Tropics,SAT1,37,FFSS,15339.604304819486,15394.360450255894
Tropics,SAT1,37,FFSS,21282.142933956482,21336.779159460148
Tropics,SAT1,1186,FFSS,7011.329142915814,7065.9783326027855
Tropics,SAT1,300,FFSS,5191.8004919048,5245.594881427038
Tropics,SAT1,1081,FFSS,7575.801637512091,7630.454519095011
Tropics,SAT1,623,FFSS,2825.223061795345,2879.1117643689413
Tropics,SAT1,944,FFSS,544.696921518816,598.6092042659003
Tropics,SAT1,334,FFSS,14592.564529166446,14646.51905143385
Tropics,SAT1,1001,FFSS,11998.398873083312,12052.463619671025
Tropics,SAT1,537,FFSS,19925.97184642634,19979.901876651467
Tropics,SAT1,819,FFSS,19453.207140387996,19506.99077729094
Tropics,SAT1,1134,FFSS,13138.247322042773,13192.761810283828
Tropics,SAT1,806,FFSS,304.69742650799844,358.3639503441352
Tropics,SAT1,269,FFSS,14724.613544487709,14778.816922950582
Tropics,SAT1,90,FFSS,15185.884696079054,15240.528912256508
Tropics,SAT1,45,FFSS,4123.8918413107895,4178.532008560067
Tropics,SAT1,45,FFSS,10066.708894917776,10121.388794409546
Tropics,SAT1,1023,FFSS,7757.0619021658995,7811.227223107593
Tropics,SAT1,1127,FFSS,6614.453511724048,6668.957161629183
Tropics,SAT1,48,FFSS,4375.869818890665,4430.507109335933
Tropics,SAT1,546,FFSS,8571.851646244364,8625.513821731669
Tropics,SAT1,214,FFSS,3490.106187133186,3544.2824256015924
Tropics,SAT1,792,FFSS,17282.364337804724,17336.082244406844
Tropics,SAT1,1005,FFSS,6326.107393733576,6380.1785692476005
Tropics,SAT1,688,FFSS,8337.477170004262,8391.276522998947
Tropics,SAT1,725,FFSS,11519.045974838024,11572.633563316565
Tropics,SAT1,475,FFSS,8667.350653783995,8721.211970767774
Tropics,SAT1,146,FFSS,14994.172661767738,15048.57920951637
Tropics,SAT1,892,FFSS,13698.93295235346,13752.96222791069
Tropics,SAT1,828,FFSS,8114.354034431509,8168.246526600217
Tropics,SAT1,1071,FFSS,787.641033521012,841.9710570644409
Tropics,SAT1,97,FFSS,3833.6469019270394,3888.155234096122
Tropics,SAT1,1086,FFSS,1994.749265413516,2049.259385173272
Tropics,SAT1,1120,FFSS,17966.210295209643,18020.63176391241
Tropics,SAT1,42,FFSS,9815.165511180825,9869.813809399086
Tropics,SAT1,42,FFSS,15757.346280671425,15812.108925273375
Tropics,SAT1,329,FFSS,20222.415623885303,20276.42162332087
Tropics,SAT1,584,FFSS,5621.958860280876,5675.547170218683
Tropics,SAT1,1138,FFSS,7499.844173855926,7554.53000882702
Tropics,SAT1,502,FFSS,16868.03330100336,16921.723133092622
Tropics,SAT1,1137,FFSS,7424.14176957547,7478.684925180808
Tropics,SAT1,589,FFSS,0.0,23.913992777306007
Tropics,SAT1,684,FFSS,14044.10238095947,14096.653980713716
Tropics,SAT1,1078,FFSS,13302.392342253484,13356.736724691802
Tropics,SAT1,1027,FFSS,2084.6601686493054,2138.8846437169086
Tropics,SAT1,142,FFSS,20647.747168495134,20702.09332369403
Tropics,SAT1,952,FFSS,19202.49162617507,19256.593806927667
Tropics,SAT1,1015,FFSS,19101.656335461834,19155.82267011521
Tropics,SAT1,210,FFSS,9162.38477877177,9216.533108276979
Tropics,SAT1,1009,FFSS,653.8431570382601,707.9631319823071
Tropics,SAT1,1060,FFSS,17820.78343635656,17875.085576710517
Tropics,SAT1,833,FFSS,2475.534653392843,2529.33169021479
Tropics,SAT1,1019,FFSS,13429.393981430847,13483.539517877862
Tropics,SAT1,575,FFSS,16983.477939776498,17037.25868655796
Tropics,SAT1,52,FFSS,4643.587324142833,4698.048138625725
Tropics,SAT1,693,FFSS,2690.088606817351,2743.7465452075467
Tropics,SAT1,551,FFSS,2924.3484026056467,2978.0706967936085
Tropics,SAT1,662,FFSS,100.59235235151543,154.31099731224106
Tropics,SAT1,1133,FFSS,13061.512950525477,13116.21599707769
Tropics,SAT1,295,FFSS,10821.397680587641,10875.406495316887
Tropics,SAT1,358,FFSS,16514.204303249986,16567.983493464162
Tropics,SAT1,759,FFSS,8256.335058561994,8310.100836228103
Tropics,SAT1,338,FFSS,8900.026426471288,8953.985798442254
Tropics,SAT1,160,FFSS,16129.506034480273,16183.75956959264
Tropics,SAT1,1140,FFSS,1708.7170306358385,1763.6585175147513
Tropics,SAT1,997,FFSS,17670.72076479062,17724.818130676424
Tropics,SAT1,94,FFSS,9548.508674967165,9603.36266571172
Tropics,SAT1,940,FFSS,6229.581532983799,6283.685519290246
Tropics,SAT1,410,FFSS,3124.1910395389923,3178.025222599923
Tropics,SAT1,1085,FFSS,1922.4366667763757,1976.9681306611078
Tropics,SAT1,102,FFSS,10203.912918286234,10258.81093732609
Tropics,SAT1,1082,FFSS,7648.603552429078,7703.014343934683
Tropics,SAT1,1121,FFSS,18043.219917690905,18098.032494855
Tropics,SAT1,1077,FFSS,13265.033159272589,13283.903247822756
Tropics,SAT1,868,FFSS,11777.62431156881,11831.743948626518
Tropics,SAT1,166,FFSS,10593.46259898418,10647.530064455163
Tropics,SAT1,1178,FFSS,18226.158582018357,18280.786823692215
Tropics,SAT1,1185,FFSS,6927.383795688248,6982.004992961801
Tropics,SAT1,1185,FFSS,12870.52416202449,12925.180841445557
Tropics,SAT1,39,FFSS,15506.506359567524,15561.1625100149
Tropics,SAT1,439,FFSS,5404.823930320423,5458.439385633461
Tropics,SAT1,44,FFSS,4040.5496924194945,4095.235356521798
Tropics,SAT1,44,FFSS,9983.553401334439,10038.17804812174
Tropics,SAT1,153,FFSS,3614.6787915543377,3669.125537101016
Tropics,SAT1,368,FFSS,5295.154935204127,5348.831100926519
Tropics,SAT1,234,FFSS,5087.427420362324,5141.514869031177
Tropics,SAT1,931,FFSS,17534.543701599865,17588.456704767657
Tropics,SAT1,1064,FFSS,12167.22383421855,12221.601149207292
Tropics,SAT1,896,FFSS,8006.537521059843,8060.443791029289
Tropics,SAT1,35,FFSS,21113.734267685766,21168.375246325824
Tropics,SAT1,679,FFSS,19691.748974501457,19745.45384216556
Tropics,SAT1,1182,FFSS,12618.564035247771,12673.190506725052
Tropics,SAT1,1182,FFSS,18561.361170350538,18616.06312580728
Tropics,SAT1,1187,FFSS,1175.317825675935,1208.6964102499132
Tropics,SAT1,1187,FFSS,7095.629431268131,7150.2814265643365
Tropics,SAT1,103,FFSS,10281.6288263403,10336.05150325374
Tropics,SAT1,1128,FFSS,6690.746155390193,6745.340380756637
Tropics,SAT1,363,FFSS,10933.74398782708,10987.751056494018
Tropics,SAT1,430,FFSS,16751.37584330084,16805.030069573106
Tropics,SAT1,500,FFSS,16751.37584330084,16805.030069573102
Tropics,SAT1,206,FFSS,14834.692228994416,14888.853738783164
Tropics,SAT1,1074,FFSS,18956.116165525436,19010.42585096884
Tropics,SAT1,428,FFSS,16633.885314656567,16687.57510536534
Tropics,SAT1,957,FFSS,13582.144918617152,13636.332933083482
Tropics,SAT1,51,FFSS,4566.845935770242,4621.507488460367
Tropics,SAT1,89,FFSS,15109.569255989618,15164.128264377818
Tropics,SAT1,887,FFSS,19328.884673506833,19382.82007800071
Tropics,SAT1,106,FFSS,4566.84593577024,4621.5074884603655
Tropics,SAT1,1067,FFSS,6441.396330153457,6495.819966307505
Tropics,SAT1,1129,FFSS,18698.58204237516,18753.51611793443
Tropics,SAT1,229,FFSS,10707.772437619064,10761.785035898734
Tropics,SAT1,202,FFSS,20507.029480647605,20561.24382788267
Tropics,SAT1,264,FFSS,20344.793743971513,20398.88649480179
Tropics,SAT1,961,FFSS,7897.594440097323,7951.59864851207
Tropics,SAT1,1130,FFSS,18776.290919811767,18830.762423808763
Tropics,SAT1,657,FFSS,5748.137808073077,5801.684630241414
Tropics,SAT1,93,FFSS,9471.492392825485,9525.968136500469
Tropics,SAT1,99,FFSS,15919.328327965382,15973.823943021342
Tropics,SAT1,1124,FFSS,12328.361707676766,12382.820675274954
Tropics,SAT1,273,FFSS,9039.723212274492,9093.73192573027
Tropics,SAT1,613,FFSS,14128.533791289923,14182.174373937756
Tropics,SAT1,150,FFSS,9340.635052078012,9395.12777934906
Tropics,SAT1,1131,FFSS,976.3674662791249,1030.7905432353277
Tropics,SAT1,608,FFSS,19780.099326848696,19833.800494072588
Tropics,SAT1,277,FFSS,3354.9539681230494,3409.0527124372334
Tropics,SAT1,86,FFSS,20823.492051698584,20878.004106503926
Tropics,SAT1,797,FFSS,11643.440699402527,11697.173752035462
Tropics,SAT1,434,FFSS,11047.827829570137,11101.754008350334
Tropics,SAT1,290,FFSS,16392.71840486752,16446.62853965633
Tropics,SAT1,1068,FFSS,6513.701263880523,6568.179528335349
Tropics,SAT1,149,FFSS,9290.45239950957,9323.005456328467
Tropics,SAT1,46,FFSS,4208.041770665098,4262.700140226377
Tropics,SAT1,720,FFSS,17162.27951889239,17216.019987303247
Tropics,SAT1,618,FFSS,8476.907098870122,8530.610116774154
Tropics,SAT1,1192,FFSS,1571.5279936306497,1626.2297296443355
Tropics,SAT1,511,FFSS,5513.897052379479,5567.480673015908
Tropics,SAT1,100,FFSS,15995.013026627234,16049.646328891107
Tropics,SAT1,34,FFSS,21030.38437516554,21085.069890610463
Tropics,SAT1,506,FFSS,11161.214822995778,11215.051320569763
Tropics,SAT1,801,FFSS,5943.611672158639,5997.511317998333
Tropics,SAT1,579,FFSS,11273.460937104128,11327.237445676134
Tropics,SAT1,401,FFSS,14462.936814623388,14516.714266821264
Tropics,SAT1,47,FFSS,4292.298715790427,4346.93396527879
Tropics,SAT1,480,FFSS,3024.1262838908356,3077.8287403628697
Tropics,SAT1,154,FFSS,3687.134585824252,3741.739354224564
Tropics,SAT1,872,FFSS,6085.021488999229,6138.796669496526
Tropics,SAT1,1072,FFSS,860.2162753318935,914.8195910085678
Tropics,SAT1,41,FFSS,9731.481626669936,9786.132214224732
Tropics,SAT1,41,FFSS,15674.699929488295,15729.323415926203
Tropics,SAT3,758,FFSS_22.0_FOR,10192.692065977519,10248.87340242721
Tropics,SAT3,1184,FFSS_22.0_FOR,8837.719985996628,8892.995782240161
Tropics,SAT3,1184,FFSS_22.0_FOR,14790.392479801196,14845.919464089113
Tropics,SAT3,370,FFSS_22.0_FOR,1456.3062079987371,1512.220983225501
Tropics,SAT3,1191,FFSS_22.0_FOR,3472.6687165098338,3528.2798606915208
Tropics,SAT3,272,FFSS_22.0_FOR,10974.817436753783,11030.673609105033
Tropics,SAT3,1141,FFSS_22.0_FOR,3769.6118464314277,3826.037141235226
Tropics,SAT3,821,FFSS_22.0_FOR,15635.420872024102,15692.477955383169
Tropics,SAT3,404,FFSS_22.0_FOR,10700.937885357695,10756.279520813905
Tropics,SAT3,832,FFSS_22.0_FOR,4401.389180852196,4457.309693240843
Tropics,SAT3,1190,FFSS_22.0_FOR,3389.574821350401,3445.0382012866808
Tropics,SAT3,692,FFSS_22.0_FOR,4618.6452873139515,4674.341987119773
Tropics,SAT3,1136,FFSS_22.0_FOR,9342.889827687748,9398.411987521069
Tropics,SAT3,468,FFSS_22.0_FOR,16197.616439773092,16254.719173281223
Tropics,SAT3,1188,FFSS_22.0_FOR,3221.075422600161,3276.419438369088
Tropics,SAT3,1188,FFSS_22.0_FOR,9172.608103642264,9228.338030169953
Tropics,SAT3,36,FFSS_22.0_FOR,17266.216984721417,17322.100894655854
Tropics,SAT3,1181,FFSS_22.0_FOR,8593.10114608366,8650.062849992173
Tropics,SAT3,1181,FFSS_22.0_FOR,14538.314283781145,14593.616285159113
Tropics,SAT3,1181,FFSS_22.0_FOR,20490.53614959324,20546.13861737905
Tropics,SAT3,443,FFSS_22.0_FOR,1685.6841020117172,1740.4269812777786
Tropics,SAT3,749,FFSS_22.0_FOR,21557.220686777087,21600.0
Tropics,SAT3,691,FFSS_22.0_FOR,4559.3403463134755,4614.848059017266
Tropics,SAT3,763,FFSS_22.0_FOR,4539.425056447095,4596.598489896475
Tropics,SAT3,510,FFSS_22.0_FOR,7448.7964118028585,7502.8399478247975
Tropics,SAT3,1183,FFSS_22.0_FOR,8754.582513441657,8809.86916272546
Tropics,SAT3,1183,FFSS_22.0_FOR,14706.877944410167,14762.316470739048
Tropics,SAT3,1183,FFSS_22.0_FOR,20650.204180473007,20707.791360109193
Tropics,SAT3,43,FFSS_22.0_FOR,5948.612101396197,6004.417212084589
Tropics,SAT3,43,FFSS_22.0_FOR,11901.74098588666,11957.298318939484
Tropics,SAT3,1135,FFSS_22.0_FOR,9264.764143910283,9320.778852837173
Tropics,SAT3,372,FFSS_22.0_FOR,1579.085302682749,1634.1427641923995
Tropics,SAT3,800,FFSS_22.0_FOR,7876.95229387429,7930.849813362355
Tropics,SAT3,999,FFSS_22.0_FOR,13866.777060134511,13921.457308476307
Tropics,SAT3,1132,FFSS_22.0_FOR,3041.8833343492834,3098.4736871513715
Tropics,SAT3,1132,FFSS_22.0_FOR,14989.806016410206,15045.404489732897
Tropics,SAT3,299,FFSS_22.0_FOR,7122.546193890285,7177.203478465655
Tropics,SAT3,1000,FFSS_22.0_FOR,13934.295184685474,13988.87598009196
Tropics,SAT3,336,FFSS_22.0_FOR,10773.675499451841,10829.87503408803
Tropics,SAT3,1177,FFSS_22.0_FOR,20155.140900018832,20210.387628903216
Tropics,SAT3,40,FFSS_22.0_FOR,11649.010696042533,11704.776276440547
Tropics,SAT3,40,FFSS_22.0_FOR,17602.24473281948,17657.78641294863
Tropics,SAT3,162,FFSS_22.0_FOR,12333.870708386456,12388.866548005633
Tropics,SAT3,570,FFSS_22.0_FOR,18702.135127408317,18757.807081705465
Tropics,SAT3,340,FFSS_22.0_FOR,5093.920560754485,5129.38906991697
Tropics,SAT3,647,FFSS_22.0_FOR,19055.510870247264,19111.362694190193
Tropics,SAT3,723,FFSS_22.0_FOR,13402.542653135266,13456.567365806675
Tropics,SAT3,169,FFSS_22.0_FOR,6847.164763424017,6901.742163718071
Tropics,SAT3,620,FFSS_22.0_FOR,4637.416624465067,4694.18619282342
Tropics,SAT3,367,FFSS_22.0_FOR,7228.099340374746,7282.3742937485395
Tropics,SAT3,795,FFSS_22.0_FOR,13525.25090942833,13579.186347438477
Tropics,SAT3,170,FFSS_22.0_FOR,6912.253071051181,6968.407123872387
Tropics,SAT3,587,FFSS_22.0_FOR,1838.4060429161016,1892.3798202902954
Tropics,SAT3,748,FFSS_22.0_FOR,21498.514616795186,21553.741359380318
Tropics,SAT3,95,FFSS_22.0_FOR,5672.7509008124425,5728.676390869043
Tropics,SAT3,95,FFSS_22.0_FOR,11635.075937002657,11693.302002904546
Tropics,SAT3,95,FFSS_22.0_FOR,17614.020939185586,17671.960710864703
Tropics,SAT3,469,FFSS_22.0_FOR,16258.314602800614,16313.593828873598
Tropics,SAT3,756,FFSS_22.0_FOR,10070.910967346395,10128.446451969827
Tropics,SAT3,107,FFSS_22.0_FOR,6595.834886099394,6652.003233303793
Tropics,SAT3,165,FFSS_22.0_FOR,6595.834886099393,6652.003233303793
Tropics,SAT3,1179,FFSS_22.0_FOR,14372.576230394823,14428.063395326739
Tropics,SAT3,1179,FFSS_22.0_FOR,20323.358026976228,20378.765943740986
Tropics,SAT3,38,FFSS_22.0_FOR,11484.851653984286,11541.609951320059
Tropics,SAT3,38,FFSS_22.0_FOR,17433.791933259225,17489.498502969083
Tropics,SAT3,1122,FFSS_22.0_FOR,14179.617191713469,14234.587133031277
Tropics,SAT3,1122,FFSS_22.0_FOR,20141.30271994537,20198.993346873835
Tropics,SAT3,661,FFSS_22.0_FOR,2025.940956623402,2081.0256959957987
Tropics,SAT3,226,FFSS_22.0_FOR,12460.370621667003,12515.435084879922
Tropics,SAT3,332,FFSS_22.0_FOR,16475.55834791647,16531.07290003249
Tropics,SAT3,442,FFSS_22.0_FOR,1626.2754127670826,1680.2079746702523
Tropics,SAT3,729,FFSS_22.0_FOR,7809.797603787251,7864.901947451403
Tropics,SAT3,168,FFSS_22.0_FOR,6778.313774296008,6833.596273149753
Tropics,SAT3,473,FFSS_22.0_FOR,10545.32631429105,10601.48104878294
Tropics,SAT3,753,FFSS_22.0_FOR,15845.72692758762,15901.261224713802
Tropics,SAT3,227,FFSS_22.0_FOR,12528.685933125527,12583.340842072057
Tropics,SAT3,687,FFSS_22.0_FOR,10275.650306353891,10330.98699123699
Tropics,SAT3,886,FFSS_22.0_FOR,21281.07809908209,21336.50335500509
Tropics,SAT3,656,FFSS_22.0_FOR,7682.983028980772,7737.416135687984
Tropics,SAT3,875,FFSS_22.0_FOR,2314.6208010320447,2368.6142013083986
Tropics,SAT3,805,FFSS_22.0_FOR,2228.6599625903928,2282.9730771763766
Tropics,SAT3,577,FFSS_22.0_FOR,13159.95067746286,13214.640023067548
Tropics,SAT3,951,FFSS_22.0_FOR,21152.578336357743,21207.964469021135
Tropics,SAT3,891,FFSS_22.0_FOR,15640.981650702592,15697.307617321274
Tropics,SAT3,1189,FFSS_22.0_FOR,3305.438210451065,3360.8595515054267
Tropics,SAT3,1189,FFSS_22.0_FOR,9253.01018389989,9309.525786057155
Tropics,SAT3,109,FFSS_22.0_FOR,6742.533043311789,6797.771057571502
Tropics,SAT3,163,FFSS_22.0_FOR,12405.83932194853,12460.935338815028
Tropics,SAT3,1180,FFSS_22.0_FOR,14454.784535923569,14510.03512056435
Tropics,SAT3,1180,FFSS_22.0_FOR,20407.478031344657,20462.927744746834
Tropics,SAT3,616,FFSS_22.0_FOR,10357.755933230785,10413.004154279774
Tropics,SAT3,37,FFSS_22.0_FOR,17349.541781258406,17405.287832444275
Tropics,SAT3,1186,FFSS_22.0_FOR,3054.553510720815,3109.9223056882
Tropics,SAT3,1186,FFSS_22.0_FOR,9006.187126339672,9061.618288222417
Tropics,SAT3,1186,FFSS_22.0_FOR,14951.79036019031,15008.772657844931
Tropics,SAT3,865,FFSS_22.0_FOR,13593.245386826515,13648.647845044352
Tropics,SAT3,1081,FFSS_22.0_FOR,9570.96252406706,9626.845728136672
Tropics,SAT3,267,FFSS_22.0_FOR,16604.122092814236,16659.660078062843
Tropics,SAT3,964,FFSS_22.0_FOR,4134.711481400193,4190.094775882329
Tropics,SAT3,899,FFSS_22.0_FOR,4238.201855372103,4293.50420781979
Tropics,SAT3,1001,FFSS_22.0_FOR,14003.574749980455,14060.045931805931
Tropics,SAT3,681,FFSS_22.0_FOR,15872.089183183796,15928.746355369403
Tropics,SAT3,108,FFSS_22.0_FOR,6671.041597196511,6725.950874790983
Tropics,SAT3,822,FFSS_22.0_FOR,15698.402852198476,15753.654519072874
Tropics,SAT3,1134,FFSS_22.0_FOR,9184.150829481801,9241.107516249489
Tropics,SAT3,1134,FFSS_22.0_FOR,15138.645075128172,15195.734130644498
Tropics,SAT3,1193,FFSS_22.0_FOR,3632.4604988205847,3690.019730710945
Tropics,SAT3,505,FFSS_22.0_FOR,13105.806487818636,13159.608279240554
Tropics,SAT3,826,FFSS_22.0_FOR,9988.347857092798,10044.360550722293
Tropics,SAT3,90,FFSS_22.0_FOR,17199.364999684884,17256.30271802767
Tropics,SAT3,408,FFSS_22.0_FOR,4991.624055804414,5047.608112305748
Tropics,SAT3,660,FFSS_22.0_FOR,1967.1487179460005,2020.881590637144
Tropics,SAT3,45,FFSS_22.0_FOR,166.53821722626134,222.96229355166057
Tropics,SAT3,45,FFSS_22.0_FOR,6116.701889461873,6172.379472168045
Tropics,SAT3,45,FFSS_22.0_FOR,12066.1294339541,12122.12455652607
Tropics,SAT3,1023,FFSS_22.0_FOR,9749.768210190583,9807.103537710183
Tropics,SAT3,1127,FFSS_22.0_FOR,8608.918253511458,8664.16255866089
Tropics,SAT3,1127,FFSS_22.0_FOR,20556.602297210447,20613.198388253244
Tropics,SAT3,48,FFSS_22.0_FOR,415.8964200137322,471.5892725633885
Tropics,SAT3,48,FFSS_22.0_FOR,6366.702991526376,6422.477145623931
Tropics,SAT3,2,FFSS_22.0_FOR,747.4558914314789,803.7323022031181
Tropics,SAT3,622,FFSS_22.0_FOR,4754.733640013008,4811.563780540725
Tropics,SAT3,214,FFSS_22.0_FOR,5482.051727955667,5539.159545984772
Tropics,SAT3,1013,FFSS_22.0_FOR,20980.13202195488,21035.742141350736
Tropics,SAT3,1025,FFSS_22.0_FOR,3934.0576060905337,3990.2510840503664
Tropics,SAT3,1005,FFSS_22.0_FOR,8321.557916333411,8377.658578932223
Tropics,SAT3,1004,FFSS_22.0_FOR,8252.554393609353,8307.019437839259
Tropics,SAT3,101,FFSS_22.0_FOR,181.39776230053369,238.29638309102998
Tropics,SAT3,101,FFSS_22.0_FOR,12130.799479700203,12186.28998874487
Tropics,SAT3,213,FFSS_22.0_FOR,5412.948538146255,5468.610493159136
Tropics,SAT3,1017,FFSS_22.0_FOR,15298.183330044474,15353.949563449683
Tropics,SAT3,478,FFSS_22.0_FOR,4892.927007468876,4948.477984068548
Tropics,SAT3,509,FFSS_22.0_FOR,7389.4136970636055,7443.709919299008
Tropics,SAT3,205,FFSS_22.0_FOR,16776.45747275234,16832.344850961632
Tropics,SAT3,544,FFSS_22.0_FOR,10451.237586809764,10506.808686986013
Tropics,SAT3,889,FFSS_22.0_FOR,15514.125711272654,15571.226191436896
Tropics,SAT3,747,FFSS_22.0_FOR,21437.28602326701,21493.666651614585
Tropics,SAT3,959,FFSS_22.0_FOR,9763.798344989142,9819.436395607752
Tropics,SAT3,237,FFSS_22.0_FOR,1322.4227952208769,1377.0234683101953
Tropics,SAT3,934,FFSS_22.0_FOR,13788.65303727399,13842.860007742898
Tropics,SAT3,1022,FFSS_22.0_FOR,9684.839364416917,9740.330676748195
Tropics,SAT3,732,FFSS_22.0_FOR,2037.088270908594,2091.7708438869076
Tropics,SAT3,438,FFSS_22.0_FOR,7338.782821115273,7392.91337407999
Tropics,SAT3,762,FFSS_22.0_FOR,4480.644048801726,4535.865164526136
Tropics,SAT3,956,FFSS_22.0_FOR,15521.887164667693,15578.197444318756
Tropics,SAT3,1076,FFSS_22.0_FOR,15161.952292763712,15217.593757894943
Tropics,SAT3,146,FFSS_22.0_FOR,17006.85074878028,17064.500314767287
Tropics,SAT3,275,FFSS_22.0_FOR,5215.993707205804,5272.392260771389
Tropics,SAT3,943,FFSS_22.0_FOR,2465.002187503293,2519.5015326039857
Tropics,SAT3,400,FFSS_22.0_FOR,16410.221480414817,16466.051545345654
Tropics,SAT3,1071,FFSS_22.0_FOR,2773.0909520158675,2828.479491669416
Tropics,SAT3,1071,FFSS_22.0_FOR,20748.335577814916,20805.60604721433
Tropics,SAT3,1062,FFSS_22.0_FOR,14026.000697694675,14080.644603089419
Tropics,SAT3,97,FFSS_22.0_FOR,5827.465440407382,5884.053642873042
Tropics,SAT3,97,FFSS_22.0_FOR,17777.108041409247,17832.875716877486
Tropics,SAT3,1120,FFSS_22.0_FOR,19980.30815241382,20035.840884037905
Tropics,SAT3,1021,FFSS_22.0_FOR,9616.15841126081,9672.119544503661
Tropics,SAT3,862,FFSS_22.0_FOR,19357.67439934341,19411.999061197275
Tropics,SAT3,1175,FFSS_22.0_FOR,19991.328067975228,20047.30885000483
Tropics,SAT3,356,FFSS_22.0_FOR,18401.291324457063,18455.685469188684
Tropics,SAT3,817,FFSS_22.0_FOR,21346.236094445383,21401.84352809208
Tropics,SAT3,42,FFSS_22.0_FOR,5866.2342706110885,5922.406225610536
Tropics,SAT3,42,FFSS_22.0_FOR,11817.509209060177,11873.164402258124
Tropics,SAT3,42,FFSS_22.0_FOR,17765.243399051917,17821.557001938498
Tropics,SAT3,470,FFSS_22.0_FOR,16318.368279839435,16375.022899464995
Tropics,SAT3,757,FFSS_22.0_FOR,10133.14185092541,10188.422403510254
Tropics,SAT3,752,FFSS_22.0_FOR,15785.36135394929,15841.02937890069
Tropics,SAT3,894,FFSS_22.0_FOR,9876.644881389753,9932.482701375859
Tropics,SAT3,1138,FFSS_22.0_FOR,3538.586516329786,3595.220240331012
Tropics,SAT3,571,FFSS_22.0_FOR,18762.68386495989,18816.456943009973
Tropics,SAT3,677,FFSS_22.0_FOR,21589.266674579983,21600.0
Tropics,SAT3,646,FFSS_22.0_FOR,18996.909815461822,19050.670619749395
Tropics,SAT3,874,FFSS_22.0_FOR,2252.1229464604808,2307.39415197913
Tropics,SAT3,1018,FFSS_22.0_FOR,15366.328452069787,15421.92577707342
Tropics,SAT3,1137,FFSS_22.0_FOR,3456.669485155544,3514.298828717557
Tropics,SAT3,1137,FFSS_22.0_FOR,9417.952786329315,9473.930415826944
Tropics,SAT3,427,FFSS_22.0_FOR,18585.197598962004,18639.861666366993
Tropics,SAT3,294,FFSS_22.0_FOR,12762.3731144241,12816.505112545721
Tropics,SAT3,870,FFSS_22.0_FOR,7953.901971316692,8008.191464262523
Tropics,SAT3,540,FFSS_22.0_FOR,16167.513189794567,16222.86671513922
Tropics,SAT3,955,FFSS_22.0_FOR,15458.400799264358,15513.766551324608
Tropics,SAT3,1027,FFSS_22.0_FOR,4068.7373634635005,4125.655178314541
Tropics,SAT3,1070,FFSS_22.0_FOR,2699.892408942842,2754.4879779854264
Tropics,SAT3,147,FFSS_22.0_FOR,11124.995816302804,11182.18141839017
Tropics,SAT3,1084,FFSS_22.0_FOR,3836.3175097408225,3891.8317392766653
Tropics,SAT3,952,FFSS_22.0_FOR,21214.86357518412,21272.135922264075
Tropics,SAT3,960,FFSS_22.0_FOR,9828.505603266014,9884.191332069953
Tropics,SAT3,210,FFSS_22.0_FOR,11164.061129938735,11221.519919634819
Tropics,SAT3,1075,FFSS_22.0_FOR,15086.035387100519,15143.060945119476
Tropics,SAT3,209,FFSS_22.0_FOR,11094.685234180846,11150.439521220322
Tropics,SAT3,1009,FFSS_22.0_FOR,2639.583470031387,2695.34616626196
Tropics,SAT3,157,FFSS_22.0_FOR,0.0,0.15370316521979013
Tropics,SAT3,157,FFSS_22.0_FOR,17920.551163348184,17977.22770321786
Tropics,SAT3,823,FFSS_22.0_FOR,15758.374475164032,15814.82272861786
Tropics,SAT3,1060,FFSS_22.0_FOR,19836.107539211534,19892.636078664305
Tropics,SAT3,1069,FFSS_22.0_FOR,2628.7200348633596,2684.284889922053
Tropics,SAT3,1008,FFSS_22.0_FOR,2570.847787790271,2625.2391628843566
Tropics,SAT3,148,FFSS_22.0_FOR,11196.065334793333,11251.816130270385
Tropics,SAT3,271,FFSS_22.0_FOR,10910.012168025287,10965.81960506397
Tropics,SAT3,405,FFSS_22.0_FOR,10762.082873028403,10818.792613785721
Tropics,SAT3,266,FFSS_22.0_FOR,16539.892955304615,16597.132334880705
Tropics,SAT3,963,FFSS_22.0_FOR,4068.7648312722563,4124.952979433734
Tropics,SAT3,1066,FFSS_22.0_FOR,8362.930877486775,8417.536625533252
Tropics,SAT3,228,FFSS_22.0_FOR,12646.542327328907,12700.892840764698
Tropics,SAT3,151,FFSS_22.0_FOR,5461.765206717378,5518.649336205383
Tropics,SAT3,289,FFSS_22.0_FOR,18340.28622798004,18394.933749431282
Tropics,SAT3,232,FFSS_22.0_FOR,6952.379291256612,7006.7398898324145
Tropics,SAT3,929,FFSS_22.0_FOR,19418.36365795941,19472.767755342597
Tropics,SAT3,362,FFSS_22.0_FOR,12876.689287636853,12930.65648713564
Tropics,SAT3,790,FFSS_22.0_FOR,19173.52087747692,19227.96056290519
Tropics,SAT3,1126,FFSS_22.0_FOR,8532.11344681561,8586.991154980924
Tropics,SAT3,1126,FFSS_22.0_FOR,20474.729383795595,20532.322722405574
Tropics,SAT3,890,FFSS_22.0_FOR,15579.24629375791,15634.560383143375
Tropics,SAT3,52,FFSS_22.0_FOR,678.4675552971155,735.3186475639118
Tropics,SAT3,52,FFSS_22.0_FOR,6633.071822415578,6689.574321702629
Tropics,SAT3,105,FFSS_22.0_FOR,6484.20207538581,6539.480258660951
Tropics,SAT3,549,FFSS_22.0_FOR,4794.558723806625,4849.852238872985
Tropics,SAT3,91,FFSS_22.0_FOR,11320.395368693375,11376.593998268068
Tropics,SAT3,91,FFSS_22.0_FOR,17280.38285810284,17338.322816139695
Tropics,SAT3,437,FFSS_22.0_FOR,7278.556501243393,7332.906952128486
Tropics,SAT3,724,FFSS_22.0_FOR,13462.527514679938,13516.863507081813
Tropics,SAT3,53,FFSS_22.0_FOR,759.135185560652,814.909749996784
Tropics,SAT3,104,FFSS_22.0_FOR,6405.157159468977,6461.260246054125
Tropics,SAT3,514,FFSS_22.0_FOR,1732.8125445172213,1786.7356394376823
Tropics,SAT3,1133,FFSS_22.0_FOR,3123.2453933280867,3180.9241874295703
Tropics,SAT3,1133,FFSS_22.0_FOR,9101.723458731029,9159.63975663169
Tropics,SAT3,1133,FFSS_22.0_FOR,15065.920428976207,15121.608119364182
Tropics,SAT3,479,FFSS_22.0_FOR,4953.142454575322,5008.952286801529
Tropics,SAT3,295,FFSS_22.0_FOR,12823.120439974191,12878.982335690773
Tropics,SAT3,1139,FFSS_22.0_FOR,3618.461223839688,3674.2481172708553
Tropics,SAT3,574,FFSS_22.0_FOR,18937.444075272997,18992.859361999406
Tropics,SAT3,644,FFSS_22.0_FOR,18820.617052846985,18875.83636243294
Tropics,SAT3,302,FFSS_22.0_FOR,1357.3538004644488,1412.50812853777
Tropics,SAT3,867,FFSS_22.0_FOR,13718.719849892024,13774.125410157973
Tropics,SAT3,338,FFSS_22.0_FOR,10899.917860961605,10957.533412427852
Tropics,SAT3,545,FFSS_22.0_FOR,10510.623837580391,10566.31720073921
Tropics,SAT3,112,FFSS_22.0_FOR,1008.154619193813,1063.0029322587643
Tropics,SAT3,1057,FFSS_22.0_FOR,19625.746112914243,19675.080373974924
Tropics,SAT3,733,FFSS_22.0_FOR,2097.304359317666,2151.1701779265527
Tropics,SAT3,995,FFSS_22.0_FOR,19548.3301789581,19602.854662128673
Tropics,SAT3,727,FFSS_22.0_FOR,7689.465798447909,7745.108289288138
Tropics,SAT3,938,FFSS_22.0_FOR,8094.492793758997,8148.666560099567
Tropics,SAT3,221,FFSS_22.0_FOR,18070.81973402096,18127.75885673634
Tropics,SAT3,1140,FFSS_22.0_FOR,3695.6501987653087,3751.195148530665
Tropics,SAT3,223,FFSS_22.0_FOR,18210.130395998465,18264.911520203743
Tropics,SAT3,173,FFSS_22.0_FOR,1165.5678208162076,1220.112676176685
Tropics,SAT3,997,FFSS_22.0_FOR,19685.63508299622,19742.507702172614
Tropics,SAT3,950,FFSS_22.0_FOR,21086.739499604275,21142.86060890832
Tropics,SAT3,1059,FFSS_22.0_FOR,19761.501268609398,19816.411270399913
Tropics,SAT3,818,FFSS_22.0_FOR,21407.335865781253,21462.943750000697
Tropics,SAT3,158,FFSS_22.0_FOR,17996.641989333733,18051.747789123405
Tropics,SAT3,718,FFSS_22.0_FOR,19055.040785714675,19109.64884394591
Tropics,SAT3,1080,FFSS_22.0_FOR,9499.163501571167,9554.729229291674
Tropics,SAT3,172,FFSS_22.0_FOR,1096.1811027256856,1151.7187671982126
Tropics,SAT3,996,FFSS_22.0_FOR,19616.072282779933,19670.808705402716
Tropics,SAT3,876,FFSS_22.0_FOR,2377.6487389995946,2433.1885253938403
Tropics,SAT3,499,FFSS_22.0_FOR,18703.55214531507,18758.37727612146
Tropics,SAT3,174,FFSS_22.0_FOR,1231.1903735900507,1286.959460815004
Tropics,SAT3,403,FFSS_22.0_FOR,10639.711774385702,10696.72291669176
Tropics,SAT3,831,FFSS_22.0_FOR,4340.784025493536,4396.188480215907
Tropics,SAT3,1123,FFSS_22.0_FOR,14255.726935985876,14310.757901529938
Tropics,SAT3,939,FFSS_22.0_FOR,8159.438829254962,8214.515213847173
Tropics,SAT3,342,FFSS_22.0_FOR,5197.562463471018,5253.852997151415
Tropics,SAT3,94,FFSS_22.0_FOR,5598.532645661045,5655.807393558957
Tropics,SAT3,94,FFSS_22.0_FOR,11553.514166273602,11610.777788484966
Tropics,SAT3,550,FFSS_22.0_FOR,4853.681004782005,4909.924835032038
Tropics,SAT3,98,FFSS_22.0_FOR,0.0,7.100346305449132
Tropics,SAT3,98,FFSS_22.0_FOR,5907.853414730744,5965.4426192598985
Tropics,SAT3,98,FFSS_22.0_FOR,17855.202309341326,17910.360069593153
Tropics,SAT3,268,FFSS_22.0_FOR,16669.31991668637,16725.755740869376
Tropics,SAT3,965,FFSS_22.0_FOR,4197.098983594429,4254.289003749627
Tropics,SAT3,1119,FFSS_22.0_FOR,19902.76182143569,19957.660012697444
Tropics,SAT3,399,FFSS_22.0_FOR,16349.116200103557,16404.73544833097
Tropics,SAT3,827,FFSS_22.0_FOR,10050.11343881028,10105.464853890902
Tropics,SAT3,804,FFSS_22.0_FOR,2167.7790689060334,2221.9436632247043
Tropics,SAT3,1085,FFSS_22.0_FOR,3907.6414727674332,3963.7044760010685
Tropics,SAT3,1083,FFSS_22.0_FOR,3761.2808171663983,3817.8611818989775
Tropics,SAT3,1073,FFSS_22.0_FOR,20897.42437875916,20953.04430043535
Tropics,SAT3,102,FFSS_22.0_FOR,262.37114058856974,320.27217205624163
Tropics,SAT3,102,FFSS_22.0_FOR,12207.944278067733,12263.080351801429
Tropics,SAT3,366,FFSS_22.0_FOR,7167.086990934292,7221.487214640153
Tropics,SAT3,1065,FFSS_22.0_FOR,8291.98795849297,8347.820814140401
Tropics,SAT3,152,FFSS_22.0_FOR,5533.059805902025,5588.770012708583
Tropics,SAT3,55,FFSS_22.0_FOR,912.374230899978,967.8460203435357
Tropics,SAT3,96,FFSS_22.0_FOR,5749.053187432277,5804.926958161309
Tropics,SAT3,96,FFSS_22.0_FOR,17696.490789058207,17753.3303434462
Tropics,SAT3,1079,FFSS_22.0_FOR,9423.684061640068,9480.479248070475
Tropics,SAT3,1121,FFSS_22.0_FOR,14105.601428882168,14161.807794797569
Tropics,SAT3,1121,FFSS_22.0_FOR,20059.90345698403,20116.509853352287
Tropics,SAT3,1077,FFSS_22.0_FOR,15234.223436345364,15289.959250770176
Tropics,SAT3,333,FFSS_22.0_FOR,16538.591753586665,16594.787677048258
Tropics,SAT3,898,FFSS_22.0_FOR,4173.243572227493,4230.208516704813
Tropics,SAT3,144,FFSS_22.0_FOR,16859.10148780816,16914.92160057109
Tropics,SAT3,1061,FFSS_22.0_FOR,13955.280767170074,14011.419455779998
Tropics,SAT3,504,FFSS_22.0_FOR,13045.857535494957,13100.736859323235
Tropics,SAT3,303,FFSS_22.0_FOR,1421.2536899063618,1475.3942388917399
Tropics,SAT3,1178,FFSS_22.0_FOR,14292.10062885465,14348.503363397916
Tropics,SAT3,1178,FFSS_22.0_FOR,20238.994911960064,20294.326210566487
Tropics,SAT3,371,FFSS_22.0_FOR,1519.2052261735298,1573.1971334093914
Tropics,SAT3,799,FFSS_22.0_FOR,7816.016214281997,7870.954481002862
Tropics,SAT3,1185,FFSS_22.0_FOR,2973.490615770788,3029.5087143460546
Tropics,SAT3,1185,FFSS_22.0_FOR,8921.813602874096,8977.184717616241
Tropics,SAT3,1185,FFSS_22.0_FOR,14872.297431762448,14928.207755289677
Tropics,SAT3,39,FFSS_22.0_FOR,11566.131842836518,11622.129434105404
Tropics,SAT3,682,FFSS_22.0_FOR,15932.527003492118,15987.71825379612
Tropics,SAT3,539,FFSS_22.0_FOR,16107.82547700535,16163.889247454277
Tropics,SAT3,683,FFSS_22.0_FOR,15990.871425673138,16047.845525259687
Tropics,SAT3,44,FFSS_22.0_FOR,86.52671283817887,144.33510592603218
Tropics,SAT3,44,FFSS_22.0_FOR,6032.295388581888,6088.018853527109
Tropics,SAT3,44,FFSS_22.0_FOR,11984.890029133352,12040.459182626735
Tropics,SAT3,871,FFSS_22.0_FOR,8016.579266617587,8070.974134559141
Tropics,SAT3,686,FFSS_22.0_FOR,10215.795428155056,10271.77299248776
Tropics,SAT3,92,FFSS_22.0_FOR,11396.009881864939,11451.795653167026
Tropics,SAT3,861,FFSS_22.0_FOR,19295.02231234768,19349.37469251597
Tropics,SAT3,1125,FFSS_22.0_FOR,8457.427889288989,8513.060217030406
Tropics,SAT3,1125,FFSS_22.0_FOR,14414.17495625488,14471.154775828672
Tropics,SAT3,357,FFSS_22.0_FOR,18463.737977232908,18518.320598337854
Tropics,SAT3,583,FFSS_22.0_FOR,7557.756648424662,7611.742454307968
Tropics,SAT3,885,FFSS_22.0_FOR,21217.606333248055,21273.522083719334
Tropics,SAT3,612,FFSS_22.0_FOR,16076.978806512525,16132.81189486089
Tropics,SAT3,153,FFSS_22.0_FOR,5606.355683546353,5662.6850193473
Tropics,SAT3,796,FFSS_22.0_FOR,13586.138473213043,13640.87994404196
Tropics,SAT3,1064,FFSS_22.0_FOR,14173.560570624048,14230.366448400891
Tropics,SAT3,35,FFSS_22.0_FOR,17184.349469771227,17240.76621997049
Tropics,SAT3,236,FFSS_22.0_FOR,1257.791055831045,1312.4533670942362
Tropics,SAT3,933,FFSS_22.0_FOR,13724.401468206814,13779.371441190557
Tropics,SAT3,621,FFSS_22.0_FOR,4696.8733945533795,4752.071526620741
Tropics,SAT3,1182,FFSS_22.0_FOR,8672.926619955435,8728.63102707143
Tropics,SAT3,1182,FFSS_22.0_FOR,14622.58423538872,14677.976957822993
Tropics,SAT3,1182,FFSS_22.0_FOR,20571.70556390569,20627.875096041695
Tropics,SAT3,935,FFSS_22.0_FOR,13854.049491295189,13909.964128221502
Tropics,SAT3,615,FFSS_22.0_FOR,10297.937343352407,10355.364846112567
Tropics,SAT3,515,FFSS_22.0_FOR,1791.6620049550313,1846.1616478667938
Tropics,SAT3,659,FFSS_22.0_FOR,1907.1858689705625,1962.8055626500354
Tropics,SAT3,1187,FFSS_22.0_FOR,3137.237920801743,3192.4976890054327
Tropics,SAT3,1187,FFSS_22.0_FOR,9090.061165203791,9145.546001018532
Tropics,SAT3,293,FFSS_22.0_FOR,12698.311239791043,12753.58606671644
Tropics,SAT3,103,FFSS_22.0_FOR,6323.813890446323,6381.043236513871
Tropics,SAT3,103,FFSS_22.0_FOR,12281.832404250446,12337.749021525606
Tropics,SAT3,1128,FFSS_22.0_FOR,8687.818307972542,8744.035877619923
Tropics,SAT3,1128,FFSS_22.0_FOR,20636.41630626651,20692.173815924354
Tropics,SAT3,54,FFSS_22.0_FOR,837.2951628689652,892.4440963293514
Tropics,SAT3,363,FFSS_22.0_FOR,12935.953494540803,12991.674071240132
Tropics,SAT3,791,FFSS_22.0_FOR,19234.412806810018,19288.48800254182
Tropics,SAT3,588,FFSS_22.0_FOR,1896.649093159159,1950.9387678921985
Tropics,SAT3,426,FFSS_22.0_FOR,18524.832850044422,18578.95393588295
Tropics,SAT3,206,FFSS_22.0_FOR,16846.113189348187,16903.95570141224
Tropics,SAT3,304,FFSS_22.0_FOR,1481.8527639472074,1537.8661632435546
Tropics,SAT3,1003,FFSS_22.0_FOR,8185.250025716804,8240.136049357654
Tropics,SAT3,361,FFSS_22.0_FOR,12814.486771954422,12869.73829166216
Tropics,SAT3,1074,FFSS_22.0_FOR,20966.312760994624,21023.771007362102
Tropics,SAT3,51,FFSS_22.0_FOR,595.9648773595393,653.9109977106542
Tropics,SAT3,51,FFSS_22.0_FOR,6560.3401012054255,6615.57443129038
Tropics,SAT3,89,FFSS_22.0_FOR,17120.237227608537,17176.308408965437
Tropics,SAT3,88,FFSS_22.0_FOR,17043.191606339216,17098.98746158122
Tropics,SAT3,1016,FFSS_22.0_FOR,15226.302715021631,15284.151093454075
Tropics,SAT3,106,FFSS_22.0_FOR,595.964877359538,653.9109977106526
Tropics,SAT3,106,FFSS_22.0_FOR,6560.340101205421,6615.574431290378
Tropics,SAT3,1067,FFSS_22.0_FOR,8435.858595691236,8491.067175518287
Tropics,SAT3,1129,FFSS_22.0_FOR,2809.466896299838,2864.701870569933
Tropics,SAT3,1129,FFSS_22.0_FOR,8768.62696229465,8825.967877337669
Tropics,SAT3,1129,FFSS_22.0_FOR,20713.529447792975,20769.0659391324
Tropics,SAT3,87,FFSS_22.0_FOR,16968.25700563604,17024.88442125882
Tropics,SAT3,292,FFSS_22.0_FOR,12580.773646874286,12635.96731650994
Tropics,SAT3,954,FFSS_22.0_FOR,15391.307754533504,15448.219516738605
Tropics,SAT3,229,FFSS_22.0_FOR,12708.749849263108,12764.870421981228
Tropics,SAT3,1026,FFSS_22.0_FOR,4003.274318454961,4058.7055810111647
Tropics,SAT3,1130,FFSS_22.0_FOR,2884.835716501582,2939.7393846414334
Tropics,SAT3,1130,FFSS_22.0_FOR,14829.523250580822,14886.804310432148
Tropics,SAT3,1130,FFSS_22.0_FOR,20787.403571531282,20843.853846812122
Tropics,SAT3,1,FFSS_22.0_FOR,666.9941630987844,722.6261460710377
Tropics,SAT3,49,FFSS_22.0_FOR,500.3912571133555,556.0060672481704
Tropics,SAT3,49,FFSS_22.0_FOR,6446.250678635345,6502.95536057354
Tropics,SAT3,501,FFSS_22.0_FOR,18821.078110676757,18876.17932986061
Tropics,SAT3,645,FFSS_22.0_FOR,18937.270334424746,18992.162444244397
Tropics,SAT3,572,FFSS_22.0_FOR,18821.078110676754,18876.17932986061
Tropics,SAT3,716,FFSS_22.0_FOR,18937.270334424746,18992.162444244394
Tropics,SAT3,1012,FFSS_22.0_FOR,20908.78054981443,20966.230141479187
Tropics,SAT3,341,FFSS_22.0_FOR,5134.497031234547,5189.977769491214
Tropics,SAT3,409,FFSS_22.0_FOR,5052.74872636103,5108.273136025418
Tropics,SAT3,1118,FFSS_22.0_FOR,19827.34406799094,19882.543595499483
Tropics,SAT3,93,FFSS_22.0_FOR,11473.743068132597,11530.05018890737
Tropics,SAT3,99,FFSS_22.0_FOR,25.32787939597682,81.1169465625004
Tropics,SAT3,99,FFSS_22.0_FOR,11968.98982815368,12026.585956046547
Tropics,SAT3,99,FFSS_22.0_FOR,17930.20245410609,17985.71171984513
Tropics,SAT3,651,FFSS_22.0_FOR,13339.975532749866,13393.967289216085
Tropics,SAT3,1124,FFSS_22.0_FOR,14333.957127426342,14389.81719289857
Tropics,SAT3,617,FFSS_22.0_FOR,10415.877069878685,10472.151160229572
Tropics,SAT3,578,FFSS_22.0_FOR,13218.814902526998,13272.611390439995
Tropics,SAT3,159,FFSS_22.0_FOR,18069.084876998284,18124.071336712193
Tropics,SAT3,113,FFSS_22.0_FOR,1079.1652429078438,1134.5789985024269
Tropics,SAT3,1058,FFSS_22.0_FOR,19689.101198564065,19743.813548994094
Tropics,SAT3,611,FFSS_22.0_FOR,16018.577779574929,16073.99147497193
Tropics,SAT3,150,FFSS_22.0_FOR,11344.36861192749,11402.283522961625
Tropics,SAT3,212,FFSS_22.0_FOR,5345.510340838119,5401.8162100589625
Tropics,SAT3,1131,FFSS_22.0_FOR,2962.333135018388,3017.8551018313874
Tropics,SAT3,1131,FFSS_22.0_FOR,14910.80367669695,14967.093492654136
Tropics,SAT3,474,FFSS_22.0_FOR,10605.751750830077,10661.132151764148
Tropics,SAT3,761,FFSS_22.0_FOR,4419.327295039867,4475.799719110624
Tropics,SAT3,143,FFSS_22.0_FOR,16788.250999057822,16845.776871898328
Tropics,SAT3,277,FFSS_22.0_FOR,5346.081482846567,5403.268856371062
Tropics,SAT3,288,FFSS_22.0_FOR,18275.757073728724,18330.3944001087
Tropics,SAT3,233,FFSS_22.0_FOR,7015.788869499453,7070.981440526106
Tropics,SAT3,930,FFSS_22.0_FOR,19482.94734628349,19537.478660793724
Tropics,SAT3,937,FFSS_22.0_FOR,8030.50964740747,8086.379767682539
Tropics,SAT3,204,FFSS_22.0_FOR,16708.590721933237,16764.47815712915
Tropics,SAT3,434,FFSS_22.0_FOR,13050.198358869224,13106.012567626643
Tropics,SAT3,1014,FFSS_22.0_FOR,21047.740802115688,21103.493045094092
Tropics,SAT3,231,FFSS_22.0_FOR,6885.354521935795,6941.367063525789
Tropics,SAT3,1007,FFSS_22.0_FOR,2503.7478007695254,2558.890755533248
Tropics,SAT3,1068,FFSS_22.0_FOR,8511.050911854596,8568.14827016131
Tropics,SAT3,149,FFSS_22.0_FOR,11269.094224884624,11325.271023609319
Tropics,SAT3,46,FFSS_22.0_FOR,248.36703868611932,304.2438687693815
Tropics,SAT3,46,FFSS_22.0_FOR,6201.112266190433,6256.696493127946
Tropics,SAT3,46,FFSS_22.0_FOR,12144.678137579273,12201.949019203694
Tropics,SAT3,433,FFSS_22.0_FOR,12991.633340341119,13045.489933911678
Tropics,SAT3,208,FFSS_22.0_FOR,11027.03781423432,11083.109032846773
Tropics,SAT3,1192,FFSS_22.0_FOR,3553.891552409603,3610.0570801242516
Tropics,SAT3,655,FFSS_22.0_FOR,7623.94541250824,7677.850241176292
Tropics,SAT3,276,FFSS_22.0_FOR,5280.46967897731,5336.022933479258
Tropics,SAT3,100,FFSS_22.0_FOR,102.32067177725278,158.36287147918637
Tropics,SAT3,100,FFSS_22.0_FOR,12050.934628247249,12107.39772884665
Tropics,SAT3,942,FFSS_22.0_FOR,2400.4463032613994,2454.8919117386904
Tropics,SAT3,161,FFSS_22.0_FOR,12258.219252684316,12314.634086267615
Tropics,SAT3,111,FFSS_22.0_FOR,933.397210320782,989.3354545510762
Tropics,SAT3,337,FFSS_22.0_FOR,10836.470444725352,10891.994141190571
Tropics,SAT3,34,FFSS_22.0_FOR,17104.294017942935,17162.070154317207
Tropics,SAT3,650,FFSS_22.0_FOR,13280.655794800696,13334.946093912486
Tropics,SAT3,801,FFSS_22.0_FOR,7937.924240662863,7993.765935254153
Tropics,SAT3,582,FFSS_22.0_FOR,7499.212484063827,7553.4866786042685
Tropics,SAT3,728,FFSS_22.0_FOR,7749.956845977415,7803.736111841598
Tropics,SAT3,866,FFSS_22.0_FOR,13655.730856768652,13709.716008628518
Tropics,SAT3,47,FFSS_22.0_FOR,331.6624737892257,387.395553649308
Tropics,SAT3,47,FFSS_22.0_FOR,6284.7229285242065,6340.254886987868
Tropics,SAT3,0,FFSS_22.0_FOR,584.3669401757948,639.8948118281854
Tropics,SAT3,154,FFSS_22.0_FOR,5681.924041981193,5740.115988395753
Tropics,SAT3,298,FFSS_22.0_FOR,7060.255103581889,7114.588434974024
Tropics,SAT3,895,FFSS_22.0_FOR,9939.960040095035,9995.438566234841
Tropics,SAT3,1063,FFSS_22.0_FOR,14098.6622718251,14153.710943114778
Tropics,SAT3,900,FFSS_22.0_FOR,4299.787230153408,4356.240750517245
Tropics,SAT3,50,FFSS_22.0_FOR,584.3669401757934,639.8948118281843
Tropics,SAT3,145,FFSS_22.0_FOR,16931.867762162805,16987.912368152935
Tropics,SAT3,432,FFSS_22.0_FOR,12930.54210293798,12985.635353721416
Tropics,SAT3,719,FFSS_22.0_FOR,19115.231798530487,19169.122236674713
Tropics,SAT3,1072,FFSS_22.0_FOR,20824.684532494943,20880.42479537777
Tropics,SAT3,1176,FFSS_22.0_FOR,20072.428065555217,20127.776047315867
Tropics,SAT3,498,FFSS_22.0_FOR,18644.220167369916,18698.136435687797
Tropics,SAT3,41,FFSS_22.0_FOR,5785.575351598678,5842.789655571879
Tropics,SAT3,41,FFSS_22.0_FOR,11733.01448823057,11788.730793314835
Tropics,SAT3,41,FFSS_22.0_FOR,17684.83567987424,17740.48889190589
Tropics,SAT3,1184,FFSS,8837.72025052616,8892.995782243179
Tropics,SAT3,1184,FFSS,14790.392479632455,14845.919689266972
Tropics,SAT3,1191,FFSS,3472.6687165864005,3528.279741964472
Tropics,SAT3,272,FFSS,10974.817467579975,11030.673609100975
Tropics,SAT3,404,FFSS,10700.938197622232,10756.27952081714
Tropics,SAT3,1190,FFSS,3389.575160495778,3445.0384606113844
Tropics,SAT3,1136,FFSS,9342.890174230095,9398.411987521018
Tropics,SAT3,1188,FFSS,3221.0757752201,3276.419127694425
Tropics,SAT3,1188,FFSS,9172.607313379858,9228.33794874067
Tropics,SAT3,36,FFSS,17266.2170007019,17322.100890473266
Tropics,SAT3,1181,FFSS,14538.314224842221,14593.616285159367
Tropics,SAT3,1181,FFSS,20490.536149632688,20546.13861737947
Tropics,SAT3,691,FFSS,4559.3403463243685,4614.848210473855
Tropics,SAT3,510,FFSS,7448.796411668106,7502.839705826871
Tropics,SAT3,1183,FFSS,8754.582512758207,8809.86859640334
Tropics,SAT3,1183,FFSS,14706.877944410167,14762.316470739048
Tropics,SAT3,43,FFSS,5948.612094709556,6004.417334997273
Tropics,SAT3,43,FFSS,11901.740903556436,11957.29831894092
Tropics,SAT3,800,FFSS,7876.952289324395,7930.8498133204785
Tropics,SAT3,1132,FFSS,14989.806020447868,15045.404614431813
Tropics,SAT3,1000,FFSS,13934.295499519658,13988.875980088196
Tropics,SAT3,1177,FFSS,20155.14090114891,20210.387645842828
Tropics,SAT3,40,FFSS,11649.010696040112,11704.776370891504
Tropics,SAT3,40,FFSS,17602.244732830037,17657.786505361204
Tropics,SAT3,162,FFSS,12333.870726010446,12388.866537267655
Tropics,SAT3,723,FFSS,13402.542652716198,13456.567292485619
Tropics,SAT3,169,FFSS,6847.165098185674,6901.742142831376
Tropics,SAT3,795,FFSS,13525.250940177013,13579.185997087548
Tropics,SAT3,587,FFSS,1838.4059986408054,1892.37982029371
Tropics,SAT3,748,FFSS,21498.514616795186,21553.741359496347
Tropics,SAT3,95,FFSS,5672.750900811471,5728.676468201116
Tropics,SAT3,469,FFSS,16258.314602625951,16313.593828873067
Tropics,SAT3,1179,FFSS,20323.35783100834,20378.76594532051
Tropics,SAT3,38,FFSS,17433.791933360655,17489.498502967417
Tropics,SAT3,1122,FFSS,14179.617191720161,14234.587509063287
Tropics,SAT3,332,FFSS,16475.558414327897,16531.072886368063
Tropics,SAT3,442,FFSS,1626.275459207336,1680.2079252833162
Tropics,SAT3,753,FFSS,15845.726927542213,15886.182886405277
Tropics,SAT3,227,FFSS,12528.68593149182,12583.341443594281
Tropics,SAT3,687,FFSS,10275.649843032425,10330.987242965415
Tropics,SAT3,886,FFSS,21281.07809911568,21336.5033550198
Tropics,SAT3,875,FFSS,2314.6208009681927,2368.6142013086283
Tropics,SAT3,951,FFSS,21152.57771036023,21207.964515291857
Tropics,SAT3,1189,FFSS,3305.438210447608,3360.8595515054644
Tropics,SAT3,1180,FFSS,14454.784535912848,14510.035116114466
Tropics,SAT3,1180,FFSS,20407.47803134053,20462.927744748074
Tropics,SAT3,616,FFSS,10357.755933228085,10413.00439184854
Tropics,SAT3,37,FFSS,17349.541781256044,17405.287909955325
Tropics,SAT3,1186,FFSS,3054.5535099416397,3109.922305688563
Tropics,SAT3,1186,FFSS,9006.187117598567,9061.618288222531
Tropics,SAT3,267,FFSS,16604.122363470018,16659.660078055276
Tropics,SAT3,964,FFSS,4134.711340291639,4190.095052259684
Tropics,SAT3,899,FFSS,4238.20185508189,4293.504284938461
Tropics,SAT3,108,FFSS,6671.04177071454,6725.95141033534
Tropics,SAT3,822,FFSS,15698.403083234283,15753.654519073494
Tropics,SAT3,505,FFSS,13105.80648786863,13159.608272270267
Tropics,SAT3,660,FFSS,1967.1489746983852,2020.881202049649
Tropics,SAT3,45,FFSS,6116.701889452112,6172.379291431754
Tropics,SAT3,1127,FFSS,8608.918253512576,8664.162868137664
Tropics,SAT3,48,FFSS,415.89642004718615,471.5894175580688
Tropics,SAT3,1013,FFSS,20980.132021851314,21035.742163251816
Tropics,SAT3,1004,FFSS,8252.554413589545,8307.019435029235
Tropics,SAT3,101,FFSS,12130.799614330985,12186.289988462964
Tropics,SAT3,213,FFSS,5412.9485381447275,5468.610493153466
Tropics,SAT3,1017,FFSS,15298.183330044982,15353.949563449563
Tropics,SAT3,478,FFSS,4892.926973815828,4948.477767345526
Tropics,SAT3,205,FFSS,16776.457467806405,16832.34495876344
Tropics,SAT3,544,FFSS,10472.835709108444,10506.808686926917
Tropics,SAT3,959,FFSS,9763.79834500819,9819.436523316526
Tropics,SAT3,934,FFSS,13788.65303727399,13842.860007693778
Tropics,SAT3,1022,FFSS,9684.839668619456,9740.330622271338
Tropics,SAT3,438,FFSS,7338.782723928506,7384.429389726139
Tropics,SAT3,762,FFSS,4480.644048618437,4535.865514428627
Tropics,SAT3,1076,FFSS,15161.95229269015,15217.59374660913
Tropics,SAT3,943,FFSS,2465.0021783870648,2519.5015325986365
Tropics,SAT3,1062,FFSS,14026.000683703978,14080.644772976731
Tropics,SAT3,862,FFSS,19357.674399345487,19411.999060818755
Tropics,SAT3,356,FFSS,18401.291358244798,18455.685459490367
Tropics,SAT3,817,FFSS,21346.23609683583,21401.843528106892
Tropics,SAT3,42,FFSS,11817.509196139208,11873.164273254572
Tropics,SAT3,757,FFSS,10133.142127019419,10188.422401194095
Tropics,SAT3,571,FFSS,18762.68385770981,18816.456943024637
Tropics,SAT3,677,FFSS,21589.26701222287,21600.0
Tropics,SAT3,646,FFSS,18996.909813186856,19050.670619299242
Tropics,SAT3,1018,FFSS,15366.32845206947,15421.925935807469
Tropics,SAT3,294,FFSS,12762.37311443762,12816.505112326451
Tropics,SAT3,870,FFSS,7998.986982857012,8008.19145958558
Tropics,SAT3,540,FFSS,16167.513189833362,16222.866674522485
Tropics,SAT3,955,FFSS,15458.400968604434,15513.766704648013
Tropics,SAT3,1070,FFSS,2699.8922598029176,2754.4879779866014
Tropics,SAT3,1084,FFSS,3836.317674412107,3891.8317392793547
Tropics,SAT3,209,FFSS,11094.685428396093,11150.439520017526
Tropics,SAT3,1008,FFSS,2570.847787847112,2625.23840259445
Tropics,SAT3,148,FFSS,11196.065322577077,11251.816129294953
Tropics,SAT3,271,FFSS,10926.588746195634,10965.819603737329
Tropics,SAT3,1066,FFSS,8362.930877794488,8417.536623078897
Tropics,SAT3,228,FFSS,12646.54166310411,12700.89282357321
Tropics,SAT3,232,FFSS,6952.379160986937,7006.739889839099
Tropics,SAT3,929,FFSS,19430.88615942275,19472.767836527262
Tropics,SAT3,362,FFSS,12876.689287636853,12930.656487140554
Tropics,SAT3,1126,FFSS,8532.113446773383,8586.991604666237
Tropics,SAT3,890,FFSS,15579.246643955537,15634.560383142934
Tropics,SAT3,105,FFSS,6484.202075426026,6539.480257973743
Tropics,SAT3,549,FFSS,4794.558751675924,4849.852235501995
Tropics,SAT3,514,FFSS,1732.8125694950274,1786.7356380939734
Tropics,SAT3,1133,FFSS,15065.920382534368,15121.608177179845
Tropics,SAT3,1139,FFSS,3618.4611788591046,3674.2482380926513
Tropics,SAT3,112,FFSS,1008.1546190039764,1063.0029322617966
Tropics,SAT3,733,FFSS,2097.304357218614,2151.1701150923036
Tropics,SAT3,995,FFSS,19548.330469494816,19602.854662127233
Tropics,SAT3,938,FFSS,8094.493151942405,8148.666555747487
Tropics,SAT3,1140,FFSS,3695.6501987653087,3751.195344451368
Tropics,SAT3,223,FFSS,18210.130383105756,18264.911912682637
Tropics,SAT3,173,FFSS,1165.5678257464529,1220.1126761781013
Tropics,SAT3,1059,FFSS,19761.501293984973,19816.411270386936
Tropics,SAT3,158,FFSS,17996.641989329575,18051.7477891221
Tropics,SAT3,1080,FFSS,9499.163515588481,9554.729229074763
Tropics,SAT3,996,FFSS,19616.072282897647,19670.80870147869
Tropics,SAT3,831,FFSS,4340.784049198607,4396.18848021764
Tropics,SAT3,1123,FFSS,14255.726935891194,14310.757899497705
Tropics,SAT3,98,FFSS,17855.202547468645,17910.360069587387
Tropics,SAT3,1119,FFSS,19902.76182143569,19957.660012697444
Tropics,SAT3,399,FFSS,16349.116188267486,16404.73544824988
Tropics,SAT3,827,FFSS,10050.113438891603,10105.464677796299
Tropics,SAT3,804,FFSS,2199.006104722026,2221.9436632270804
Tropics,SAT3,1073,FFSS,20897.424434187436,20953.043737248983
Tropics,SAT3,102,FFSS,12207.944278037763,12263.080350990662
Tropics,SAT3,152,FFSS,5533.059856258133,5588.770130288896
Tropics,SAT3,96,FFSS,5749.05318745415,5804.9270430783245
Tropics,SAT3,1077,FFSS,15234.223608507347,15289.959250749143
Tropics,SAT3,144,FFSS,16859.10147556952,16914.921539397204
Tropics,SAT3,303,FFSS,1421.253571054141,1475.3942340283363
Tropics,SAT3,1178,FFSS,20238.994902343064,20294.326519255283
Tropics,SAT3,371,FFSS,1519.2056202854042,1573.1971334145483
Tropics,SAT3,1185,FFSS,8921.8136028643,8977.184717616272
Tropics,SAT3,39,FFSS,11566.131842839273,11622.129495227384
Tropics,SAT3,682,FFSS,15932.527003493811,15987.718253800253
Tropics,SAT3,44,FFSS,6032.295663409791,6088.018853527107
Tropics,SAT3,44,FFSS,11984.890028473983,12040.459025257238
Tropics,SAT3,871,FFSS,8016.579266633167,8070.974130813526
Tropics,SAT3,583,FFSS,7557.756648202316,7611.7424543118195
Tropics,SAT3,236,FFSS,1257.790339774581,1312.453367094004
Tropics,SAT3,621,FFSS,4696.8737378968935,4752.0715266205925
Tropics,SAT3,1182,FFSS,14622.584336310716,14677.976945743058
Tropics,SAT3,1187,FFSS,3137.237920853256,3192.497989273948
Tropics,SAT3,1187,FFSS,9090.061165067042,9145.546000998593
Tropics,SAT3,54,FFSS,837.2955005874143,892.4440963295464
Tropics,SAT3,791,FFSS,19234.412806893084,19288.487990917438
Tropics,SAT3,426,FFSS,18524.8328259025,18578.95393588269
Tropics,SAT3,51,FFSS,6560.339174010576,6615.574744565015
Tropics,SAT3,89,FFSS,17120.23720296911,17176.30840896045
Tropics,SAT3,88,FFSS,17043.19162810923,17098.987461582594
Tropics,SAT3,106,FFSS,6560.339174010581,6615.574744565017
Tropics,SAT3,1129,FFSS,20713.529447866607,20769.065945038954
Tropics,SAT3,1026,FFSS,4003.2743125437655,4058.705864771029
Tropics,SAT3,1130,FFSS,2884.8357164922877,2939.7393846408186
Tropics,SAT3,1,FFSS,666.9941628709006,722.6260943595908
Tropics,SAT3,49,FFSS,500.39159986131364,556.0060672481216
Tropics,SAT3,341,FFSS,5134.497055926285,5189.977765034186
Tropics,SAT3,409,FFSS,5052.748726234574,5108.2731360255675
Tropics,SAT3,99,FFSS,25.327878141959772,81.11694649932656
Tropics,SAT3,651,FFSS,13339.974562906638,13393.967232563042
Tropics,SAT3,578,FFSS,13218.81476879607,13272.611390449396
Tropics,SAT3,159,FFSS,18069.084904299387,18124.07126553754
Tropics,SAT3,1058,FFSS,19689.10119864048,19743.813842381947
Tropics,SAT3,611,FFSS,16018.577791743866,16073.991596901105
Tropics,SAT3,474,FFSS,10605.751750834597,10661.132143998871
Tropics,SAT3,288,FFSS,18275.756865833395,18330.39438698427
Tropics,SAT3,930,FFSS,19482.947463442855,19537.478652553244
Tropics,SAT3,204,FFSS,16708.59090129912,16764.478156412384
Tropics,SAT3,149,FFSS,11269.094188729896,11306.810578021626
Tropics,SAT3,46,FFSS,248.3668719658125,304.2437923264864
Tropics,SAT3,46,FFSS,6201.112266190433,6256.696493127948
Tropics,SAT3,433,FFSS,12991.633340341119,13045.489933680705
Tropics,SAT3,655,FFSS,7623.945403525182,7677.850241184571
Tropics,SAT3,276,FFSS,5280.46967897731,5336.022933475975
Tropics,SAT3,100,FFSS,102.32046494985758,158.36287147870527
Tropics,SAT3,337,FFSS,10836.470410925716,10891.994139885033
Tropics,SAT3,728,FFSS,7749.957105287066,7803.736111854437
Tropics,SAT3,866,FFSS,13655.731196800474,13709.716008628582
Tropics,SAT3,47,FFSS,331.6624737590847,387.3957081475995
Tropics,SAT3,47,FFSS,6284.722932131163,6340.255100751668
Tropics,SAT3,0,FFSS,584.3669402021286,639.8948118051813
Tropics,SAT3,298,FFSS,7060.255110411765,7114.588434835799
Tropics,SAT3,895,FFSS,9939.960036087276,9995.43856263503
Tropics,SAT3,1063,FFSS,14098.66241824167,14153.710870816716
Tropics,SAT3,50,FFSS,584.3669402021276,639.8948118051802
Tropics,SAT3,145,FFSS,16931.867872794726,16987.912247609216
Tropics,SAT3,719,FFSS,19115.231798571134,19169.12223668092
Tropics,SAT3,1072,FFSS,20824.68453250508,20880.424792280617
Tropics,SAT3,1176,FFSS,20072.42806555629,20127.77604431579
Tropics,SAT3,498,FFSS,18644.22050811573,18698.136433115422
Tropics,SAT3,41,FFSS,11733.014483784373,11788.73079331489
Tropics,SAT3,41,FFSS,17684.83568497949,17740.48889132573
Tropics,SAT2,609,FFSS_22.0_FOR,17885.314852257907,17941.492118225946
Tropics,SAT2,33,FFSS_22.0_FOR,19003.48168532494,19060.815130651285
Tropics,SAT2,1184,FFSS_22.0_FOR,4872.134577298821,4928.292632495758
Tropics,SAT2,1184,FFSS_22.0_FOR,10821.05667969783,10876.69935634019
Tropics,SAT2,1184,FFSS_22.0_FOR,16771.32301384334,16827.560656162634
Tropics,SAT2,370,FFSS_22.0_FOR,3441.0316736885147,3495.108923470844
Tropics,SAT2,798,FFSS_22.0_FOR,9737.987404201382,9792.078240719375
Tropics,SAT2,1191,FFSS_22.0_FOR,5452.853798487495,5509.3701434214245
Tropics,SAT2,477,FFSS_22.0_FOR,6817.053119149139,6872.289969709583
Tropics,SAT2,764,FFSS_22.0_FOR,630.1845684705621,687.1240159878279
Tropics,SAT2,821,FFSS_22.0_FOR,17621.25160797913,17676.84042932126
Tropics,SAT2,680,FFSS_22.0_FOR,17797.848065165195,17853.317723121578
Tropics,SAT2,1190,FFSS_22.0_FOR,5371.825349221148,5427.726761881619
Tropics,SAT2,548,FFSS_22.0_FOR,6719.438938268872,6774.8453171549145
Tropics,SAT2,1136,FFSS_22.0_FOR,5364.995138695334,5422.675604110312
Tropics,SAT2,1136,FFSS_22.0_FOR,11324.377842231326,11380.86108896565
Tropics,SAT2,468,FFSS_22.0_FOR,18182.325764987643,18237.90773612692
Tropics,SAT2,755,FFSS_22.0_FOR,11996.355025715557,12052.348122898908
Tropics,SAT2,406,FFSS_22.0_FOR,6853.585178101461,6910.802305183944
Tropics,SAT2,834,FFSS_22.0_FOR,554.4836630287339,610.0864100217904
Tropics,SAT2,1188,FFSS_22.0_FOR,5204.719881499633,5260.4089513675235
Tropics,SAT2,1188,FFSS_22.0_FOR,11151.883078585428,11208.78213594404
Tropics,SAT2,820,FFSS_22.0_FOR,17559.880519890594,17615.735091815823
Tropics,SAT2,824,FFSS_22.0_FOR,11848.885227364428,11906.341978634662
Tropics,SAT2,36,FFSS_22.0_FOR,19249.097493008845,19304.578000622085
Tropics,SAT2,1181,FFSS_22.0_FOR,10571.650357726752,10627.528806944092
Tropics,SAT2,1181,FFSS_22.0_FOR,16521.845981715338,16577.508628739273
Tropics,SAT2,435,FFSS_22.0_FOR,9140.412010067781,9195.801173729124
Tropics,SAT2,722,FFSS_22.0_FOR,15325.370973067742,15379.23631485796
Tropics,SAT2,624,FFSS_22.0_FOR,903.0839283104042,958.355615585178
Tropics,SAT2,402,FFSS_22.0_FOR,12563.014812934149,12618.669951904873
Tropics,SAT2,830,FFSS_22.0_FOR,6263.97689409381,6319.365688998132
Tropics,SAT2,547,FFSS_22.0_FOR,6659.848239138845,6715.708584048155
Tropics,SAT2,691,FFSS_22.0_FOR,6542.634576708156,6599.927342629531
Tropics,SAT2,936,FFSS_22.0_FOR,9948.338782559973,10003.262319127814
Tropics,SAT2,476,FFSS_22.0_FOR,6756.526058169674,6812.966380592987
Tropics,SAT2,654,FFSS_22.0_FOR,9547.62138092374,9601.466168932835
Tropics,SAT2,412,FFSS_22.0_FOR,1266.6496784481506,1321.996757386403
Tropics,SAT2,1183,FFSS_22.0_FOR,10736.84732299146,10792.392361822313
Tropics,SAT2,1183,FFSS_22.0_FOR,16689.58527771141,16745.392276666826
Tropics,SAT2,43,FFSS_22.0_FOR,1985.7011394903263,2043.0619097936403
Tropics,SAT2,43,FFSS_22.0_FOR,7931.854912253626,7987.312690505211
Tropics,SAT2,43,FFSS_22.0_FOR,13884.065484124338,13939.396779847662
Tropics,SAT2,354,FFSS_22.0_FOR,20257.655350565474,20312.89141184592
Tropics,SAT2,1135,FFSS_22.0_FOR,11250.000115952844,11305.760227162515
Tropics,SAT2,999,FFSS_22.0_FOR,15849.766751899338,15905.034383146054
Tropics,SAT2,1132,FFSS_22.0_FOR,11010.118183085662,11068.105143835908
Tropics,SAT2,1132,FFSS_22.0_FOR,16972.575341044703,17028.669375282312
Tropics,SAT2,864,FFSS_22.0_FOR,15513.220658259548,15567.677667357568
Tropics,SAT2,336,FFSS_22.0_FOR,12757.947058909718,12814.019659627438
Tropics,SAT2,901,FFSS_22.0_FOR,392.4616658253443,449.55550445084805
Tropics,SAT2,1177,FFSS_22.0_FOR,16190.658610710163,16247.161616564095
Tropics,SAT2,110,FFSS_22.0_FOR,2845.1761065494916,2900.4465212306695
Tropics,SAT2,40,FFSS_22.0_FOR,7684.810304044527,7741.62098922687
Tropics,SAT2,40,FFSS_22.0_FOR,13632.580953606777,13688.030816881526
Tropics,SAT2,40,FFSS_22.0_FOR,19583.921058295455,19639.35568475292
Tropics,SAT2,750,FFSS_22.0_FOR,17648.150551790375,17704.989962161966
Tropics,SAT2,162,FFSS_22.0_FOR,14315.691664193058,14370.965513195479
Tropics,SAT2,751,FFSS_22.0_FOR,17709.753443684873,17765.023656578498
Tropics,SAT2,570,FFSS_22.0_FOR,20686.130495634465,20740.232097328382
Tropics,SAT2,340,FFSS_22.0_FOR,7055.827446071438,7111.22606152738
Tropics,SAT2,503,FFSS_22.0_FOR,14970.24609089346,15024.075821345037
Tropics,SAT2,436,FFSS_22.0_FOR,9201.839795196594,9255.610791934512
Tropics,SAT2,723,FFSS_22.0_FOR,15385.147141163852,15441.055942289247
Tropics,SAT2,993,FFSS_22.0_FOR,21396.405846770092,21452.15067784199
Tropics,SAT2,224,FFSS_22.0_FOR,14305.708203510154,14361.817994879262
Tropics,SAT2,620,FFSS_22.0_FOR,6622.347080658592,6678.119832603263
Tropics,SAT2,170,FFSS_22.0_FOR,2940.860129871159,2997.738970906479
Tropics,SAT2,994,FFSS_22.0_FOR,21463.250752185446,21517.77712147378
Tropics,SAT2,95,FFSS_22.0_FOR,7656.654188552205,7712.39264986913
Tropics,SAT2,95,FFSS_22.0_FOR,19604.570275521313,19660.905431407682
Tropics,SAT2,756,FFSS_22.0_FOR,12057.075504621764,12112.51363191455
Tropics,SAT2,107,FFSS_22.0_FOR,8581.882088874694,8636.487814354075
Tropics,SAT2,165,FFSS_22.0_FOR,8581.882088874694,8636.487814354075
Tropics,SAT2,1179,FFSS_22.0_FOR,16353.795916202995,16409.30139537349
Tropics,SAT2,38,FFSS_22.0_FOR,13465.567449726625,13521.267668097715
Tropics,SAT2,38,FFSS_22.0_FOR,19417.77994804848,19473.13347486379
Tropics,SAT2,552,FFSS_22.0_FOR,1003.2318619300811,1058.6640512253523
Tropics,SAT2,225,FFSS_22.0_FOR,14376.342025055406,14430.818625154934
Tropics,SAT2,1122,FFSS_22.0_FOR,16162.599244219706,16218.003543916595
Tropics,SAT2,685,FFSS_22.0_FOR,12141.210330395845,12196.464113461916
Tropics,SAT2,226,FFSS_22.0_FOR,14443.21953018097,14498.120620389653
Tropics,SAT2,467,FFSS_22.0_FOR,18122.05565687006,18177.701780982607
Tropics,SAT2,332,FFSS_22.0_FOR,18460.27669484135,18517.618795181897
Tropics,SAT2,897,FFSS_22.0_FOR,6095.864052185256,6151.83205492089
Tropics,SAT2,167,FFSS_22.0_FOR,8694.486420892032,8749.077659767132
Tropics,SAT2,168,FFSS_22.0_FOR,8761.899746691655,8816.59474911546
Tropics,SAT2,473,FFSS_22.0_FOR,12529.694365771495,12585.92645357851
Tropics,SAT2,760,FFSS_22.0_FOR,6344.258918939388,6399.728377332908
Tropics,SAT2,164,FFSS_22.0_FOR,8507.746666710838,8563.203689342532
Tropics,SAT2,481,FFSS_22.0_FOR,1104.1683043578007,1159.862619674254
Tropics,SAT2,731,FFSS_22.0_FOR,3960.069545449072,4013.9646322842827
Tropics,SAT2,543,FFSS_22.0_FOR,12376.285209500771,12431.499864295736
Tropics,SAT2,343,FFSS_22.0_FOR,1305.0479983675586,1348.6245702088302
Tropics,SAT2,512,FFSS_22.0_FOR,3596.7846129414174,3651.4023799093466
Tropics,SAT2,577,FFSS_22.0_FOR,15142.84390917807,15197.627707634358
Tropics,SAT2,1189,FFSS_22.0_FOR,5288.838946985197,5344.569668735141
Tropics,SAT2,109,FFSS_22.0_FOR,2767.962252718693,2825.160215440948
Tropics,SAT2,1180,FFSS_22.0_FOR,10491.57629358868,10548.59087953491
Tropics,SAT2,1180,FFSS_22.0_FOR,16437.48507774045,16493.05893344354
Tropics,SAT2,37,FFSS_22.0_FOR,13384.145166342405,13440.535512523958
Tropics,SAT2,37,FFSS_22.0_FOR,19333.356664627674,19388.79478349731
Tropics,SAT2,274,FFSS_22.0_FOR,7135.111968593348,7190.661870029435
Tropics,SAT2,1186,FFSS_22.0_FOR,5036.313497409412,5091.837982469128
Tropics,SAT2,1186,FFSS_22.0_FOR,10989.294670295823,11045.051346732844
Tropics,SAT2,865,FFSS_22.0_FOR,15575.886495192153,15630.348829360037
Tropics,SAT2,1081,FFSS_22.0_FOR,5595.9562386968855,5654.225584140324
Tropics,SAT2,623,FFSS_22.0_FOR,877.6817645405081,900.7556149052822
Tropics,SAT2,267,FFSS_22.0_FOR,18589.274856633598,18646.6553845472
Tropics,SAT2,537,FFSS_22.0_FOR,17972.777415025706,18030.143780030394
Tropics,SAT2,681,FFSS_22.0_FOR,17857.041287118813,17912.876659755737
Tropics,SAT2,217,FFSS_22.0_FOR,1717.0666995387478,1774.5422149560134
Tropics,SAT2,108,FFSS_22.0_FOR,8652.236939489509,8707.7330226384
Tropics,SAT2,1134,FFSS_22.0_FOR,11172.445065311145,11228.54556166919
Tropics,SAT2,345,FFSS_22.0_FOR,1416.9150280910667,1473.0792931450133
Tropics,SAT2,649,FFSS_22.0_FOR,15204.512263270786,15258.262471272168
Tropics,SAT2,873,FFSS_22.0_FOR,4172.102615656021,4226.501223776669
Tropics,SAT2,411,FFSS_22.0_FOR,1205.5152685489672,1261.593134283939
Tropics,SAT2,398,FFSS_22.0_FOR,18272.30750141397,18327.57133864155
Tropics,SAT2,826,FFSS_22.0_FOR,11972.388938160131,12028.707706386702
Tropics,SAT2,1143,FFSS_22.0_FOR,0.0,10.836435269755892
Tropics,SAT2,269,FFSS_22.0_FOR,12764.963572881388,12821.77806411971
Tropics,SAT2,966,FFSS_22.0_FOR,293.9797975839391,350.1595903582543
Tropics,SAT2,586,FFSS_22.0_FOR,3762.987627043029,3816.765624464841
Tropics,SAT2,90,FFSS_22.0_FOR,13227.440532522985,13283.213884847004
Tropics,SAT2,90,FFSS_22.0_FOR,19188.847645488906,19246.724673113324
Tropics,SAT2,408,FFSS_22.0_FOR,6975.965283043625,7032.342556062311
Tropics,SAT2,585,FFSS_22.0_FOR,3704.0828132336264,3758.8261954786444
Tropics,SAT2,45,FFSS_22.0_FOR,2147.832258644774,2203.423646420445
Tropics,SAT2,45,FFSS_22.0_FOR,8100.555947561739,8155.867626434966
Tropics,SAT2,1023,FFSS_22.0_FOR,5779.348287500653,5837.166786991313
Tropics,SAT2,339,FFSS_22.0_FOR,6993.039601827037,7049.1114462142605
Tropics,SAT2,1127,FFSS_22.0_FOR,4641.887503220849,4698.6115083961795
Tropics,SAT2,1127,FFSS_22.0_FOR,10595.335799781431,10652.052738627655
Tropics,SAT2,48,FFSS_22.0_FOR,2399.8751642384586,2455.2162016394027
Tropics,SAT2,48,FFSS_22.0_FOR,8344.877136412697,8401.495516660776
Tropics,SAT2,690,FFSS_22.0_FOR,6484.429906922453,6539.680031632389
Tropics,SAT2,576,FFSS_22.0_FOR,15084.929940850398,15138.696716467894
Tropics,SAT2,425,FFSS_22.0_FOR,20446.93267545465,20500.860863469872
Tropics,SAT2,1025,FFSS_22.0_FOR,5918.804803947924,5974.681470098717
Tropics,SAT2,364,FFSS_22.0_FOR,9027.099429354177,9082.470188364188
Tropics,SAT2,101,FFSS_22.0_FOR,2170.8180252877446,2228.6565270339697
Tropics,SAT2,101,FFSS_22.0_FOR,14114.552554668284,14169.508654233428
Tropics,SAT2,213,FFSS_22.0_FOR,7399.144188105773,7457.0214027814145
Tropics,SAT2,1017,FFSS_22.0_FOR,17281.463273612477,17337.75935501351
Tropics,SAT2,478,FFSS_22.0_FOR,6877.049642533749,6934.252403832015
Tropics,SAT2,765,FFSS_22.0_FOR,691.8773968398752,747.1504425866337
Tropics,SAT2,509,FFSS_22.0_FOR,9371.684042315219,9427.024099458473
Tropics,SAT2,653,FFSS_22.0_FOR,9488.094308366079,9542.78199762793
Tropics,SAT2,1029,FFSS_22.0_FOR,237.36096559904408,293.10216877291134
Tropics,SAT2,544,FFSS_22.0_FOR,12435.134127484313,12492.296996128853
Tropics,SAT2,889,FFSS_22.0_FOR,17500.298178465135,17555.85891826111
Tropics,SAT2,959,FFSS_22.0_FOR,11746.572092758664,11803.267797696095
Tropics,SAT2,732,FFSS_22.0_FOR,4019.9620789752034,4074.7991292693437
Tropics,SAT2,1076,FFSS_22.0_FOR,17144.68097101349,17200.993820580064
Tropics,SAT2,146,FFSS_22.0_FOR,13035.854708896659,13092.215269930479
Tropics,SAT2,892,FFSS_22.0_FOR,11733.337556018436,11790.569315146648
Tropics,SAT2,1062,FFSS_22.0_FOR,16009.65023326853,16065.304090578584
Tropics,SAT2,97,FFSS_22.0_FOR,1857.3406520939232,1913.458231172257
Tropics,SAT2,97,FFSS_22.0_FOR,7816.208389994432,7873.751723018454
Tropics,SAT2,97,FFSS_22.0_FOR,19762.059245345932,19816.95515021912
Tropics,SAT2,155,FFSS_22.0_FOR,1781.569628115161,1837.1287563640649
Tropics,SAT2,1086,FFSS_22.0_FOR,10.94425371044074,67.15580044315212
Tropics,SAT2,1120,FFSS_22.0_FOR,16011.492381013972,16067.51265893993
Tropics,SAT2,1021,FFSS_22.0_FOR,11600.1721623544,11656.23332590026
Tropics,SAT2,297,FFSS_22.0_FOR,8980.709985691223,9034.714481878143
Tropics,SAT2,356,FFSS_22.0_FOR,20382.681102876097,20438.299911743445
Tropics,SAT2,42,FFSS_22.0_FOR,7848.114294580789,7903.644416573752
Tropics,SAT2,42,FFSS_22.0_FOR,13801.134504507698,13856.422960988799
Tropics,SAT2,752,FFSS_22.0_FOR,17768.773958992537,17825.664275369563
Tropics,SAT2,894,FFSS_22.0_FOR,11860.2073546551,11916.669600107909
Tropics,SAT2,614,FFSS_22.0_FOR,12224.638309506441,12280.398867622582
Tropics,SAT2,580,FFSS_22.0_FOR,9364.741231196323,9420.026577345712
Tropics,SAT2,1138,FFSS_22.0_FOR,5525.974671482842,5581.884205294724
Tropics,SAT2,715,FFSS_22.0_FOR,20861.329269570262,20915.197146977418
Tropics,SAT2,874,FFSS_22.0_FOR,4234.794341589861,4289.332110904922
Tropics,SAT2,1137,FFSS_22.0_FOR,5446.58076486025,5503.255297784152
Tropics,SAT2,859,FFSS_22.0_FOR,21152.560307148524,21208.187439264348
Tropics,SAT2,359,FFSS_22.0_FOR,14619.656201408645,14673.90394393919
Tropics,SAT2,619,FFSS_22.0_FOR,6563.893458231289,6619.3521979881625
Tropics,SAT2,870,FFSS_22.0_FOR,9936.94281903585,9992.505267418213
Tropics,SAT2,482,FFSS_22.0_FOR,1164.4596474548734,1219.9895868613653
Tropics,SAT2,684,FFSS_22.0_FOR,12080.344984715914,12137.634988735335
Tropics,SAT2,1078,FFSS_22.0_FOR,11336.028819681324,11392.577342734772
Tropics,SAT2,203,FFSS_22.0_FOR,18624.577103112013,18680.02789897108
Tropics,SAT2,1027,FFSS_22.0_FOR,140.37879364295475,155.0705281504234
Tropics,SAT2,142,FFSS_22.0_FOR,18699.058390461465,18755.677359447407
Tropics,SAT2,1070,FFSS_22.0_FOR,4684.256084198273,4740.340358352947
Tropics,SAT2,1087,FFSS_22.0_FOR,84.5406936689793,140.26681685922176
Tropics,SAT2,147,FFSS_22.0_FOR,13107.416352140417,13162.912778741294
Tropics,SAT2,893,FFSS_22.0_FOR,11798.466510099444,11853.912636052755
Tropics,SAT2,1084,FFSS_22.0_FOR,5817.838124162774,5874.627239467278
Tropics,SAT2,1015,FFSS_22.0_FOR,17144.143516362452,17201.22986061378
Tropics,SAT2,1075,FFSS_22.0_FOR,17073.448564659706,17129.159812992406
Tropics,SAT2,157,FFSS_22.0_FOR,19907.764600631243,19962.447671661917
Tropics,SAT2,1024,FFSS_22.0_FOR,5850.948717732378,5906.8184507199685
Tropics,SAT2,1060,FFSS_22.0_FOR,15865.086910987246,15920.77160303823
Tropics,SAT2,1069,FFSS_22.0_FOR,4610.397202203457,4665.2747205484275
Tropics,SAT2,1008,FFSS_22.0_FOR,4555.607099437881,4612.531710089173
Tropics,SAT2,148,FFSS_22.0_FOR,13181.026801682796,13237.364459946268
Tropics,SAT2,271,FFSS_22.0_FOR,12894.54958153172,12951.02371332868
Tropics,SAT2,968,FFSS_22.0_FOR,421.6982783515884,453.39394687068534
Tropics,SAT2,266,FFSS_22.0_FOR,18523.5037682775,18578.98246344756
Tropics,SAT2,963,FFSS_22.0_FOR,6053.298125712254,6109.278901242212
Tropics,SAT2,1019,FFSS_22.0_FOR,11461.783283061379,11519.22046776912
Tropics,SAT2,407,FFSS_22.0_FOR,6914.842036121829,6970.111113513593
Tropics,SAT2,835,FFSS_22.0_FOR,615.3539826599864,671.2033885922183
Tropics,SAT2,1066,FFSS_22.0_FOR,10346.934597444351,10402.795062349329
Tropics,SAT2,151,FFSS_22.0_FOR,7444.476705986942,7499.991723035511
Tropics,SAT2,1020,FFSS_22.0_FOR,11532.85294590613,11588.590226763083
Tropics,SAT2,575,FFSS_22.0_FOR,15062.468997638838,15081.26613532899
Tropics,SAT2,643,FFSS_22.0_FOR,20745.812453056093,20799.745343291168
Tropics,SAT2,929,FFSS_22.0_FOR,21401.53417454563,21457.04607300676
Tropics,SAT2,790,FFSS_22.0_FOR,21156.364211671465,21211.54568651668
Tropics,SAT2,1126,FFSS_22.0_FOR,10515.956378426205,10571.62256372515
Tropics,SAT2,52,FFSS_22.0_FOR,2666.671554523785,2722.009852653381
Tropics,SAT2,105,FFSS_22.0_FOR,2504.4345154485,2561.8989445027037
Tropics,SAT2,105,FFSS_22.0_FOR,8466.690219900962,8521.839447607072
Tropics,SAT2,91,FFSS_22.0_FOR,13303.47670458584,13359.075252135124
Tropics,SAT2,437,FFSS_22.0_FOR,9260.687143883462,9316.014642303991
Tropics,SAT2,53,FFSS_22.0_FOR,2744.1582453608694,2799.042090787277
Tropics,SAT2,104,FFSS_22.0_FOR,8391.300811866497,8446.245469665739
Tropics,SAT2,695,FFSS_22.0_FOR,827.5151622375269,882.9752778624039
Tropics,SAT2,658,FFSS_22.0_FOR,3831.4456070066844,3885.608365011415
Tropics,SAT2,1144,FFSS_22.0_FOR,26.82151496214305,84.61488008863915
Tropics,SAT2,1133,FFSS_22.0_FOR,11092.266059671201,11149.258592565977
Tropics,SAT2,1133,FFSS_22.0_FOR,17044.55179062249,17102.396830591533
Tropics,SAT2,766,FFSS_22.0_FOR,750.973841723484,807.7654536666046
Tropics,SAT2,860,FFSS_22.0_FOR,21215.046227870625,21269.148132756814
Tropics,SAT2,472,FFSS_22.0_FOR,12469.591837398882,12524.865417540219
Tropics,SAT2,1139,FFSS_22.0_FOR,5602.552669169213,5658.409155410874
Tropics,SAT2,644,FFSS_22.0_FOR,20804.006566042375,20858.35105045738
Tropics,SAT2,302,FFSS_22.0_FOR,3340.856963637119,3395.405801151827
Tropics,SAT2,903,FFSS_22.0_FOR,519.0181640388955,575.6050489429122
Tropics,SAT2,689,FFSS_22.0_FOR,6424.170890352009,6480.634339071391
Tropics,SAT2,803,FFSS_22.0_FOR,4089.6947357782433,4143.656992182003
Tropics,SAT2,112,FFSS_22.0_FOR,2988.721305359934,3044.474421843066
Tropics,SAT2,1057,FFSS_22.0_FOR,21599.372502655697,21600.0
Tropics,SAT2,171,FFSS_22.0_FOR,3012.5545596424668,3067.300313298744
Tropics,SAT2,508,FFSS_22.0_FOR,9313.458155596467,9367.179748884178
Tropics,SAT2,995,FFSS_22.0_FOR,21531.643929734728,21587.167741160796
Tropics,SAT2,160,FFSS_22.0_FOR,14170.262442829056,14225.924951025021
Tropics,SAT2,280,FFSS_22.0_FOR,1571.3496528467883,1628.6317489766548
Tropics,SAT2,440,FFSS_22.0_FOR,3488.539102629509,3543.0663720928032
Tropics,SAT2,727,FFSS_22.0_FOR,9672.68295796472,9726.871891821453
Tropics,SAT2,938,FFSS_22.0_FOR,10078.244156919758,10134.611872914655
Tropics,SAT2,221,FFSS_22.0_FOR,20058.121406806433,20112.524930560623
Tropics,SAT2,1140,FFSS_22.0_FOR,5675.797458371654,5732.84015631448
Tropics,SAT2,997,FFSS_22.0_FOR,15714.956238695027,15771.086186153661
Tropics,SAT2,220,FFSS_22.0_FOR,19988.02018495233,20043.79276943273
Tropics,SAT2,158,FFSS_22.0_FOR,19979.084434319826,20034.171180668825
Tropics,SAT2,718,FFSS_22.0_FOR,21037.882605599887,21092.7928158108
Tropics,SAT2,1080,FFSS_22.0_FOR,11481.290117820105,11537.82356879869
Tropics,SAT2,172,FFSS_22.0_FOR,3080.503805746119,3135.042334859409
Tropics,SAT2,222,FFSS_22.0_FOR,20124.46324412338,20179.62139153638
Tropics,SAT2,998,FFSS_22.0_FOR,15781.620843032897,15836.178727569877
Tropics,SAT2,403,FFSS_22.0_FOR,12624.118996821502,12679.717734605632
Tropics,SAT2,831,FFSS_22.0_FOR,6323.120800602964,6354.994529813946
Tropics,SAT2,1123,FFSS_22.0_FOR,16241.319979289183,16297.664364877422
Tropics,SAT2,286,FFSS_22.0_FOR,20127.996824384016,20183.515031510404
Tropics,SAT2,932,FFSS_22.0_FOR,15642.328255780125,15696.780296820365
Tropics,SAT2,413,FFSS_22.0_FOR,1327.8807089006093,1385.4670058636875
Tropics,SAT2,94,FFSS_22.0_FOR,7579.929022498158,7635.518578243791
Tropics,SAT2,94,FFSS_22.0_FOR,19522.495256604536,19579.950671784856
Tropics,SAT2,694,FFSS_22.0_FOR,767.8293051068915,823.6756373067559
Tropics,SAT2,98,FFSS_22.0_FOR,1932.640392589649,1988.1705742829542
Tropics,SAT2,98,FFSS_22.0_FOR,13877.348991018662,13934.445745900497
Tropics,SAT2,98,FFSS_22.0_FOR,19836.275958745046,19891.81277878887
Tropics,SAT2,344,FFSS_22.0_FOR,1353.8563623388943,1409.2097222282343
Tropics,SAT2,278,FFSS_22.0_FOR,1441.0736846095483,1497.1270462448238
Tropics,SAT2,399,FFSS_22.0_FOR,18333.479775416035,18390.495816438866
Tropics,SAT2,940,FFSS_22.0_FOR,4254.425930233463,4310.151738436242
Tropics,SAT2,279,FFSS_22.0_FOR,1505.6200015011032,1561.066875072978
Tropics,SAT2,804,FFSS_22.0_FOR,4150.648836267836,4206.331615281067
Tropics,SAT2,1083,FFSS_22.0_FOR,5747.568566915638,5803.262558336142
Tropics,SAT2,102,FFSS_22.0_FOR,8232.041223914099,8288.76513824112
Tropics,SAT2,102,FFSS_22.0_FOR,14187.628820586406,14243.693720045834
Tropics,SAT2,366,FFSS_22.0_FOR,9149.012956287643,9204.38171371681
Tropics,SAT2,794,FFSS_22.0_FOR,15447.154146666815,15501.239924952062
Tropics,SAT2,1065,FFSS_22.0_FOR,10273.35626482082,10328.18051677992
Tropics,SAT2,1082,FFSS_22.0_FOR,5673.513718121113,5729.88424283663
Tropics,SAT2,152,FFSS_22.0_FOR,7518.362674677868,7574.892590634869
Tropics,SAT2,96,FFSS_22.0_FOR,7735.470606400155,7792.015242965384
Tropics,SAT2,96,FFSS_22.0_FOR,19684.64162722056,19739.97366774571
Tropics,SAT2,1079,FFSS_22.0_FOR,11410.537708923413,11466.227137515158
Tropics,SAT2,1121,FFSS_22.0_FOR,16085.98742328344,16141.110512924926
Tropics,SAT2,898,FFSS_22.0_FOR,6159.18572042887,6214.796611639656
Tropics,SAT2,156,FFSS_22.0_FOR,1855.7347765677466,1912.4737309195887
Tropics,SAT2,156,FFSS_22.0_FOR,19832.72412554139,19888.60973511598
Tropics,SAT2,144,FFSS_22.0_FOR,18843.72681266783,18899.890058727862
Tropics,SAT2,1061,FFSS_22.0_FOR,15936.348234876345,15991.145290919954
Tropics,SAT2,569,FFSS_22.0_FOR,20626.887552193464,20681.0365085185
Tropics,SAT2,504,FFSS_22.0_FOR,15028.964137795454,15083.576896878605
Tropics,SAT2,648,FFSS_22.0_FOR,15144.640814465685,15200.06982940565
Tropics,SAT2,868,FFSS_22.0_FOR,9811.440083114228,9866.933196897418
Tropics,SAT2,166,FFSS_22.0_FOR,8623.321390073406,8679.800370653576
Tropics,SAT2,360,FFSS_22.0_FOR,14737.595236067098,14791.699166602935
Tropics,SAT2,788,FFSS_22.0_FOR,21034.429875241705,21090.199404612777
Tropics,SAT2,1178,FFSS_22.0_FOR,16271.376737906146,16327.06610000964
Tropics,SAT2,429,FFSS_22.0_FOR,14737.595236067094,14791.699166602937
Tropics,SAT2,857,FFSS_22.0_FOR,21034.429875241705,21090.199404612773
Tropics,SAT2,799,FFSS_22.0_FOR,9798.8747946665,9853.540673339521
Tropics,SAT2,1185,FFSS_22.0_FOR,4953.432591712751,5009.025757638605
Tropics,SAT2,1185,FFSS_22.0_FOR,10905.468660733673,10961.166115526625
Tropics,SAT2,1185,FFSS_22.0_FOR,16850.564794183898,16907.969123309675
Tropics,SAT2,39,FFSS_22.0_FOR,13548.543282114477,13604.040166972465
Tropics,SAT2,39,FFSS_22.0_FOR,19501.57777368472,19556.857124604172
Tropics,SAT2,538,FFSS_22.0_FOR,18033.06179174651,18088.29684382768
Tropics,SAT2,539,FFSS_22.0_FOR,18092.129307997337,18148.490201819397
Tropics,SAT2,726,FFSS_22.0_FOR,9612.622744039176,9666.88975041175
Tropics,SAT2,44,FFSS_22.0_FOR,2065.8739524798816,2121.956821091791
Tropics,SAT2,44,FFSS_22.0_FOR,8016.2452292065755,8071.652086336617
Tropics,SAT2,44,FFSS_22.0_FOR,13965.001952292478,14020.832790105536
Tropics,SAT2,542,FFSS_22.0_FOR,12316.366727182563,12372.871326810426
Tropics,SAT2,686,FFSS_22.0_FOR,12199.892787110575,12256.348259772129
Tropics,SAT2,92,FFSS_22.0_FOR,13381.62438539343,13437.869864842805
Tropics,SAT2,296,FFSS_22.0_FOR,8916.697814279458,8971.811995759646
Tropics,SAT2,861,FFSS_22.0_FOR,21278.013204568022,21333.44200083778
Tropics,SAT2,1125,FFSS_22.0_FOR,10438.649404650996,10493.765396800181
Tropics,SAT2,234,FFSS_22.0_FOR,3109.9638925841296,3165.5453558324675
Tropics,SAT2,1064,FFSS_22.0_FOR,10201.857386845184,10257.322039742732
Tropics,SAT2,331,FFSS_22.0_FOR,18396.879339187402,18452.251782872812
Tropics,SAT2,287,FFSS_22.0_FOR,20194.531614855776,20248.699568519085
Tropics,SAT2,35,FFSS_22.0_FOR,19165.695215835487,19221.295671404376
Tropics,SAT2,236,FFSS_22.0_FOR,3239.6458054698846,3294.915769305264
Tropics,SAT2,270,FFSS_22.0_FOR,12829.24808178789,12884.611436100571
Tropics,SAT2,933,FFSS_22.0_FOR,15707.032731682413,15761.866761053452
Tropics,SAT2,967,FFSS_22.0_FOR,359.61227695323214,415.20579116331305
Tropics,SAT2,1182,FFSS_22.0_FOR,10653.5304092001,10709.058874442748
Tropics,SAT2,1182,FFSS_22.0_FOR,16606.14921108476,16661.854051546467
Tropics,SAT2,615,FFSS_22.0_FOR,12283.393954818997,12338.862446142417
Tropics,SAT2,659,FFSS_22.0_FOR,3890.666188339038,3944.8166737176502
Tropics,SAT2,1187,FFSS_22.0_FOR,5120.291176472779,5175.907557584066
Tropics,SAT2,1187,FFSS_22.0_FOR,11071.70434915509,11127.740399092872
Tropics,SAT2,293,FFSS_22.0_FOR,14682.055791195826,14736.525133010937
Tropics,SAT2,103,FFSS_22.0_FOR,8312.889464243763,8368.522962392966
Tropics,SAT2,1128,FFSS_22.0_FOR,4715.671656788709,4770.956310853503
Tropics,SAT2,1128,FFSS_22.0_FOR,10676.564594927466,10734.392860756903
Tropics,SAT2,1128,FFSS_22.0_FOR,16655.110599961587,16713.376075890432
Tropics,SAT2,54,FFSS_22.0_FOR,2818.456374020512,2873.9501831399402
Tropics,SAT2,215,FFSS_22.0_FOR,1579.7866505918228,1635.5566761230523
Tropics,SAT2,206,FFSS_22.0_FOR,12876.173880722148,12933.52063191226
Tropics,SAT2,869,FFSS_22.0_FOR,9873.937015653406,9928.045801778893
Tropics,SAT2,1003,FFSS_22.0_FOR,10167.928464280687,10222.976865831946
Tropics,SAT2,789,FFSS_22.0_FOR,21095.452566751337,21149.40747076302
Tropics,SAT2,1074,FFSS_22.0_FOR,16998.49024999836,17055.234714462174
Tropics,SAT2,957,FFSS_22.0_FOR,11616.616354457594,11673.461775257036
Tropics,SAT2,51,FFSS_22.0_FOR,2586.546007145317,2642.894173856835
Tropics,SAT2,51,FFSS_22.0_FOR,8538.583363058597,8558.666671123367
Tropics,SAT2,89,FFSS_22.0_FOR,13153.473085727363,13210.778445818714
Tropics,SAT2,89,FFSS_22.0_FOR,19107.507137014134,19164.411911649357
Tropics,SAT2,88,FFSS_22.0_FOR,19027.98994097498,19083.9710681717
Tropics,SAT2,1016,FFSS_22.0_FOR,17214.680610262334,17270.326840380312
Tropics,SAT2,553,FFSS_22.0_FOR,1062.532357855998,1118.341636622797
Tropics,SAT2,207,FFSS_22.0_FOR,12942.95143616341,12998.461081479803
Tropics,SAT2,106,FFSS_22.0_FOR,2586.5460071453153,2642.8941738568346
Tropics,SAT2,106,FFSS_22.0_FOR,8538.583363058595,8558.666671119365
Tropics,SAT2,1129,FFSS_22.0_FOR,4791.538538980718,4846.753362002535
Tropics,SAT2,1129,FFSS_22.0_FOR,16737.743226472372,16795.063400617786
Tropics,SAT2,87,FFSS_22.0_FOR,18950.523678290672,19006.068523134625
Tropics,SAT2,216,FFSS_22.0_FOR,1647.5455949485604,1703.178276267745
Tropics,SAT2,292,FFSS_22.0_FOR,14564.261806917864,14618.894292713687
Tropics,SAT2,954,FFSS_22.0_FOR,17377.460952894042,17433.068093534956
Tropics,SAT2,581,FFSS_22.0_FOR,9423.98713836333,9477.70229207466
Tropics,SAT2,202,FFSS_22.0_FOR,18557.62409181259,18614.553078414105
Tropics,SAT2,424,FFSS_22.0_FOR,20385.179270825196,20439.972125401557
Tropics,SAT2,961,FFSS_22.0_FOR,5920.8585359376575,5978.678080298211
Tropics,SAT2,1130,FFSS_22.0_FOR,4869.5348175151385,4925.515233640614
Tropics,SAT2,1130,FFSS_22.0_FOR,16818.63782511579,16874.987154708746
Tropics,SAT2,1,FFSS_22.0_FOR,2646.207539753786,2702.3551280729457
Tropics,SAT2,49,FFSS_22.0_FOR,2483.6923141525413,2538.958067765642
Tropics,SAT2,365,FFSS_22.0_FOR,9089.538741685996,9143.39986503826
Tropics,SAT2,793,FFSS_22.0_FOR,15386.24439348637,15440.933134064939
Tropics,SAT2,1002,FFSS_22.0_FOR,10100.020853948114,10154.656689711423
Tropics,SAT2,513,FFSS_22.0_FOR,3656.5322014850203,3710.3578437333927
Tropics,SAT2,341,FFSS_22.0_FOR,7119.268879872665,7176.758893462527
Tropics,SAT2,93,FFSS_22.0_FOR,7505.302912338898,7561.922752115414
Tropics,SAT2,93,FFSS_22.0_FOR,13461.766999497051,13518.99561500974
Tropics,SAT2,99,FFSS_22.0_FOR,2010.0535801691512,2066.0008222796496
Tropics,SAT2,99,FFSS_22.0_FOR,13958.848217608585,14014.819332626439
Tropics,SAT2,507,FFSS_22.0_FOR,9253.123050179885,9308.458745586793
Tropics,SAT2,625,FFSS_22.0_FOR,961.2541942874706,1017.4461736809794
Tropics,SAT2,1124,FFSS_22.0_FOR,10363.473377092825,10419.044018426688
Tropics,SAT2,1124,FFSS_22.0_FOR,16321.981066965584,16379.460339876676
Tropics,SAT2,150,FFSS_22.0_FOR,7372.677361982708,7428.814349444999
Tropics,SAT2,497,FFSS_22.0_FOR,20566.990017017284,20620.942308789643
Tropics,SAT2,212,FFSS_22.0_FOR,7329.338514234654,7385.128288209586
Tropics,SAT2,1131,FFSS_22.0_FOR,4949.549312710215,5006.643803063971
Tropics,SAT2,1131,FFSS_22.0_FOR,16897.1112672011,16952.887019242386
Tropics,SAT2,610,FFSS_22.0_FOR,17944.39166765353,17999.670248236995
Tropics,SAT2,761,FFSS_22.0_FOR,6404.1439477690155,6460.087422438158
Tropics,SAT2,143,FFSS_22.0_FOR,18770.387982341417,18825.892418174415
Tropics,SAT2,1088,FFSS_22.0_FOR,154.3247367916447,211.40543796540683
Tropics,SAT2,1006,FFSS_22.0_FOR,4418.4494535176345,4473.210949719332
Tropics,SAT2,941,FFSS_22.0_FOR,4318.493065270733,4372.800842694838
Tropics,SAT2,288,FFSS_22.0_FOR,20257.47319311756,20312.82113960457
Tropics,SAT2,86,FFSS_22.0_FOR,18875.171718101177,18931.271798134374
Tropics,SAT2,369,FFSS_22.0_FOR,3379.7923676192117,3434.2284577618275
Tropics,SAT2,937,FFSS_22.0_FOR,10012.69252761983,10067.120178567902
Tropics,SAT2,211,FFSS_22.0_FOR,7261.35508474763,7316.970696588203
Tropics,SAT2,204,FFSS_22.0_FOR,18693.036803588562,18749.256258482677
Tropics,SAT2,1028,FFSS_22.0_FOR,168.96817058991894,225.0099773701846
Tropics,SAT2,496,FFSS_22.0_FOR,20506.528325289768,20560.99181989841
Tropics,SAT2,721,FFSS_22.0_FOR,15265.080921874121,15320.059524612849
Tropics,SAT2,290,FFSS_22.0_FOR,14432.30765389226,14488.799330987375
Tropics,SAT2,231,FFSS_22.0_FOR,8870.640831222716,8924.88510591052
Tropics,SAT2,928,FFSS_22.0_FOR,21336.41689353944,21390.713031480787
Tropics,SAT2,1007,FFSS_22.0_FOR,4486.127835282631,4540.9953723122035
Tropics,SAT2,1068,FFSS_22.0_FOR,4538.655168414142,4593.934335609397
Tropics,SAT2,46,FFSS_22.0_FOR,2231.206070099753,2286.6728374533927
Tropics,SAT2,46,FFSS_22.0_FOR,8183.978571378639,8239.258676913776
Tropics,SAT2,208,FFSS_22.0_FOR,13011.168562052144,13067.154291332115
Tropics,SAT2,100,FFSS_22.0_FOR,2089.52084708098,2146.3841794213126
Tropics,SAT2,100,FFSS_22.0_FOR,14038.122166614443,14093.222298999714
Tropics,SAT2,942,FFSS_22.0_FOR,4383.576478912778,4439.031448366924
Tropics,SAT2,161,FFSS_22.0_FOR,14244.85269455681,14299.48421395323
Tropics,SAT2,111,FFSS_22.0_FOR,2918.8523460377223,2973.458922940973
Tropics,SAT2,1056,FFSS_22.0_FOR,21528.342918342965,21584.283280017113
Tropics,SAT2,902,FFSS_22.0_FOR,457.42744541874794,512.8593193226337
Tropics,SAT2,34,FFSS_22.0_FOR,19083.69852405372,19139.77754318899
Tropics,SAT2,650,FFSS_22.0_FOR,15263.249356465043,15318.555432459096
Tropics,SAT2,953,FFSS_22.0_FOR,17311.935481048455,17368.058022268942
Tropics,SAT2,958,FFSS_22.0_FOR,11683.393113577882,11738.898930535885
Tropics,SAT2,265,FFSS_22.0_FOR,18458.931814473304,18514.939510098437
Tropics,SAT2,962,FFSS_22.0_FOR,5988.901247903071,6044.603140493226
Tropics,SAT2,441,FFSS_22.0_FOR,3549.0846494302655,3603.003995886369
Tropics,SAT2,582,FFSS_22.0_FOR,9481.641565785758,9536.977628088098
Tropics,SAT2,829,FFSS_22.0_FOR,6201.9328222977365,6258.245757419121
Tropics,SAT2,301,FFSS_22.0_FOR,3278.6119406902567,3332.803792811161
Tropics,SAT2,47,FFSS_22.0_FOR,2315.4503403487965,2370.8745773545156
Tropics,SAT2,47,FFSS_22.0_FOR,8265.683873077225,8321.26361043325
Tropics,SAT2,230,FFSS_22.0_FOR,8805.252057652653,8860.090275775954
Tropics,SAT2,927,FFSS_22.0_FOR,21272.33138015401,21327.966055360004
Tropics,SAT2,291,FFSS_22.0_FOR,14500.105923011108,14554.468498104281
Tropics,SAT2,888,FFSS_22.0_FOR,17436.819449056435,17492.868391934244
Tropics,SAT2,397,FFSS_22.0_FOR,18211.131684712906,18267.65050843146
Tropics,SAT2,825,FFSS_22.0_FOR,11912.159822693071,11967.554586286818
Tropics,SAT2,355,FFSS_22.0_FOR,20321.829473100497,20375.82731946585
Tropics,SAT2,0,FFSS_22.0_FOR,2566.0741100713803,2621.487415898364
Tropics,SAT2,154,FFSS_22.0_FOR,1709.527122426884,1765.4743642646806
Tropics,SAT2,298,FFSS_22.0_FOR,9041.413337734162,9097.18123076352
Tropics,SAT2,330,FFSS_22.0_FOR,18334.10875865402,18390.290267003522
Tropics,SAT2,335,FFSS_22.0_FOR,12694.91985840375,12750.30974019805
Tropics,SAT2,50,FFSS_22.0_FOR,2566.0741100713794,2621.487415898362
Tropics,SAT2,802,FFSS_22.0_FOR,4028.729860846471,4083.9757259254766
Tropics,SAT2,145,FFSS_22.0_FOR,18919.34193010515,18977.388521310546
Tropics,SAT2,432,FFSS_22.0_FOR,14913.957330071882,14968.426002229151
Tropics,SAT2,41,FFSS_22.0_FOR,7765.622122074625,7821.477515354763
Tropics,SAT2,41,FFSS_22.0_FOR,13717.032246507293,13772.414802806838
Tropics,SAT2,41,FFSS_22.0_FOR,19663.998637882905,19720.184219184557
Tropics,SAT2,1184,FFSS,10821.056679685451,10876.699349900602
Tropics,SAT2,370,FFSS,3441.0312305892458,3495.1088549745846
Tropics,SAT2,798,FFSS,9737.987333654291,9792.078205079635
Tropics,SAT2,477,FFSS,6817.053118901221,6872.289969711441
Tropics,SAT2,821,FFSS,17621.251864079488,17676.840427426625
Tropics,SAT2,680,FFSS,17797.848065169437,17853.317933185994
Tropics,SAT2,1190,FFSS,5371.825591479072,5427.726761877667
Tropics,SAT2,548,FFSS,6719.438940798119,6774.845316529426
Tropics,SAT2,468,FFSS,18182.3257649884,18237.90773553139
Tropics,SAT2,834,FFSS,554.4839290391532,610.086573585881
Tropics,SAT2,1188,FFSS,5204.719881385595,5260.408951364043
Tropics,SAT2,36,FFSS,19249.09749662662,19304.578003364553
Tropics,SAT2,1181,FFSS,16521.845981795395,16577.508624775837
Tropics,SAT2,722,FFSS,15325.370973121004,15379.236314793672
Tropics,SAT2,624,FFSS,903.0839246120553,958.3556126298012
Tropics,SAT2,830,FFSS,6263.976885795886,6319.365915764054
Tropics,SAT2,654,FFSS,9547.62138094593,9601.466168942712
Tropics,SAT2,412,FFSS,1266.6496785033153,1321.9970161520407
Tropics,SAT2,1183,FFSS,10736.847323027914,10792.392190372686
Tropics,SAT2,1183,FFSS,16689.58527777749,16745.3923363848
Tropics,SAT2,43,FFSS,7931.85491225095,7987.312690505248
Tropics,SAT2,43,FFSS,13884.065484124294,13939.397053746701
Tropics,SAT2,1135,FFSS,11250.000059608687,11305.760227161532
Tropics,SAT2,40,FFSS,13632.580953482884,13688.030816881412
Tropics,SAT2,40,FFSS,19583.921058331987,19639.35572623797
Tropics,SAT2,751,FFSS,17709.75344372463,17765.02345484602
Tropics,SAT2,340,FFSS,7055.82744599528,7111.226285216015
Tropics,SAT2,503,FFSS,14970.246090896,15024.075821357039
Tropics,SAT2,436,FFSS,9201.839795229438,9255.610791934672
Tropics,SAT2,994,FFSS,21463.250799703645,21517.777120443392
Tropics,SAT2,95,FFSS,7656.654188547995,7712.39264986844
Tropics,SAT2,756,FFSS,12057.075174595231,12112.51363190294
Tropics,SAT2,107,FFSS,8581.88208892033,8636.487220548888
Tropics,SAT2,165,FFSS,8581.88208892033,8636.487220548886
Tropics,SAT2,1179,FFSS,16353.795916198711,16409.301395189566
Tropics,SAT2,38,FFSS,13465.567451097011,13521.267668099952
Tropics,SAT2,38,FFSS,19417.77994808442,19473.133474866692
Tropics,SAT2,552,FFSS,1003.231861932021,1058.664044118502
Tropics,SAT2,225,FFSS,14376.342060922492,14430.818622997045
Tropics,SAT2,1122,FFSS,16162.599243897717,16218.003177229355
Tropics,SAT2,685,FFSS,12141.210330395845,12196.464416161503
Tropics,SAT2,167,FFSS,8694.48642095264,8749.077659767056
Tropics,SAT2,760,FFSS,6344.258916220957,6399.728377328133
Tropics,SAT2,731,FFSS,3960.0695454397865,4013.9645390134056
Tropics,SAT2,543,FFSS,12376.285209507509,12431.499864295281
Tropics,SAT2,1189,FFSS,5288.838946949691,5344.569800480776
Tropics,SAT2,1180,FFSS,16437.48507774058,16493.058933443557
Tropics,SAT2,274,FFSS,7135.111924304984,7190.661865551628
Tropics,SAT2,1186,FFSS,5036.313829246435,5091.83798246833
Tropics,SAT2,1186,FFSS,10989.29466839627,11045.051499401527
Tropics,SAT2,865,FFSS,15575.886308854264,15630.349282256368
Tropics,SAT2,1134,FFSS,11172.445064965072,11228.545561670691
Tropics,SAT2,649,FFSS,15204.512263270786,15258.262471272168
Tropics,SAT2,398,FFSS,18272.307501408173,18327.571338642094
Tropics,SAT2,586,FFSS,3762.9876270868954,3816.765609431261
Tropics,SAT2,90,FFSS,13227.440532517528,13283.213955251515
Tropics,SAT2,45,FFSS,2147.832258647392,2203.423771149759
Tropics,SAT2,45,FFSS,8100.555951418329,8155.867946051285
Tropics,SAT2,48,FFSS,2399.875164276741,2455.216201642478
Tropics,SAT2,690,FFSS,6484.4299069615,6539.680333356009
Tropics,SAT2,576,FFSS,15084.929724810925,15138.696708726866
Tropics,SAT2,425,FFSS,20446.93254666953,20500.861011764915
Tropics,SAT2,1025,FFSS,5918.804740088589,5973.687829644794
Tropics,SAT2,101,FFSS,14114.551940420562,14169.509104884282
Tropics,SAT2,765,FFSS,691.8773968398752,747.1504425866337
Tropics,SAT2,1029,FFSS,237.36096522078606,293.10229324498545
Tropics,SAT2,889,FFSS,17500.29833925387,17555.85897162664
Tropics,SAT2,97,FFSS,19762.059298172262,19816.95515021905
Tropics,SAT2,155,FFSS,1781.5696281229991,1837.1287563078708
Tropics,SAT2,297,FFSS,8980.70998571411,9034.71448149921
Tropics,SAT2,42,FFSS,7848.114280322726,7903.644416193495
Tropics,SAT2,42,FFSS,13801.134504507696,13856.422960991249
Tropics,SAT2,1138,FFSS,5525.9744573758035,5581.8842039123065
Tropics,SAT2,715,FFSS,20861.329069445932,20915.19714697915
Tropics,SAT2,874,FFSS,4234.7944877341315,4287.899884716985
Tropics,SAT2,359,FFSS,14619.656196349773,14673.903943940022
Tropics,SAT2,619,FFSS,6563.892646015294,6619.352197991558
Tropics,SAT2,482,FFSS,1164.4596541610467,1219.9895868617145
Tropics,SAT2,203,FFSS,18624.577104653777,18680.027898961634
Tropics,SAT2,1087,FFSS,84.54068936484649,140.2668162581775
Tropics,SAT2,147,FFSS,13107.416352140417,13162.912778741294
Tropics,SAT2,893,FFSS,11798.466510099444,11853.912636050793
Tropics,SAT2,1075,FFSS,17073.448564659706,17129.15991110137
Tropics,SAT2,157,FFSS,19907.764600631243,19962.44814137369
Tropics,SAT2,1024,FFSS,5850.948717784299,5906.818450716899
Tropics,SAT2,1069,FFSS,4610.397202246788,4665.274720542628
Tropics,SAT2,266,FFSS,18523.504026771123,18578.982496643548
Tropics,SAT2,407,FFSS,6914.842036110851,6970.111432947382
Tropics,SAT2,151,FFSS,7444.476706001147,7499.991819717033
Tropics,SAT2,1020,FFSS,11532.852940956038,11588.590324245482
Tropics,SAT2,643,FFSS,20745.811659303054,20799.745325886597
Tropics,SAT2,1126,FFSS,10515.956378270263,10571.622563057132
Tropics,SAT2,52,FFSS,2666.6715545120064,2722.0098520832544
Tropics,SAT2,91,FFSS,13303.476847680788,13359.075365153056
Tropics,SAT2,53,FFSS,2744.1582453877486,2799.042090786976
Tropics,SAT2,695,FFSS,827.5149858476361,882.9752701066006
Tropics,SAT2,860,FFSS,21215.046227870625,21269.14810794966
Tropics,SAT2,472,FFSS,12469.591836708943,12524.865725156176
Tropics,SAT2,1139,FFSS,5602.552669157632,5658.409268083297
Tropics,SAT2,803,FFSS,4089.6947357782433,4143.656992182003
Tropics,SAT2,1057,FFSS,21599.372472144918,21600.0
Tropics,SAT2,171,FFSS,3012.5536609799024,3067.3007013533993
Tropics,SAT2,508,FFSS,9313.458155528882,9367.179748884448
Tropics,SAT2,727,FFSS,9672.683022059702,9726.871891821831
Tropics,SAT2,221,FFSS,20058.121406695627,20112.52493055954
Tropics,SAT2,172,FFSS,3080.5038057993092,3135.0420765221184
Tropics,SAT2,998,FFSS,15781.620843079567,15836.178715215701
Tropics,SAT2,403,FFSS,12624.118726439985,12679.717727651387
Tropics,SAT2,932,FFSS,15642.328255785833,15696.780255175974
Tropics,SAT2,94,FFSS,7579.929017998284,7635.518777480324
Tropics,SAT2,98,FFSS,1932.640392589649,1988.1705742823854
Tropics,SAT2,344,FFSS,1353.8563623351315,1409.2097152374215
Tropics,SAT2,279,FFSS,1505.620015471767,1561.0668740380272
Tropics,SAT2,1083,FFSS,5747.568566949051,5803.262558337033
Tropics,SAT2,794,FFSS,15447.154146664796,15501.239733029872
Tropics,SAT2,1065,FFSS,10273.35626482082,10328.18051677992
Tropics,SAT2,96,FFSS,19684.64162721736,19739.973796393744
Tropics,SAT2,1079,FFSS,11410.537708780701,11466.227137515092
Tropics,SAT2,1121,FFSS,16085.98769501963,16141.11070718233
Tropics,SAT2,898,FFSS,6159.1858128502945,6214.796803261257
Tropics,SAT2,1061,FFSS,15936.348234876345,15991.144823066821
Tropics,SAT2,360,FFSS,14737.594898181087,14791.699166607501
Tropics,SAT2,429,FFSS,14737.594898181083,14791.699166607501
Tropics,SAT2,1185,FFSS,4953.432481227834,5009.025898461467
Tropics,SAT2,1185,FFSS,10905.468660733673,10961.166115526625
Tropics,SAT2,39,FFSS,13548.542762372954,13604.040166968898
Tropics,SAT2,39,FFSS,19501.57777335664,19556.857124287926
Tropics,SAT2,538,FFSS,18033.061782861492,18088.296843679112
Tropics,SAT2,44,FFSS,8016.245229209935,8071.652086334403
Tropics,SAT2,1125,FFSS,10438.649404650996,10493.764998139412
Tropics,SAT2,331,FFSS,18396.87933665761,18452.25189215912
Tropics,SAT2,287,FFSS,20194.531614855776,20248.699568519085
Tropics,SAT2,35,FFSS,19165.695215837575,19221.295794068035
Tropics,SAT2,270,FFSS,12829.24808177897,12884.611436098989
Tropics,SAT2,967,FFSS,359.61227700080684,415.2057535903698
Tropics,SAT2,1182,FFSS,10653.530401204527,10709.059083080827
Tropics,SAT2,1182,FFSS,16606.149206707185,16661.854227800748
Tropics,SAT2,615,FFSS,12283.394073219742,12338.862444522103
Tropics,SAT2,1187,FFSS,5120.291176486693,5175.907557578787
Tropics,SAT2,1187,FFSS,11071.704349156695,11127.740394680128
Tropics,SAT2,1128,FFSS,4715.671489523134,4770.956281733596
Tropics,SAT2,869,FFSS,9873.937015653406,9928.045801778893
Tropics,SAT2,789,FFSS,21095.452566516506,21149.407470716073
Tropics,SAT2,88,FFSS,19027.990012331975,19083.971000815476
Tropics,SAT2,1016,FFSS,17214.680217669407,17270.326840379545
Tropics,SAT2,207,FFSS,12942.95143622295,12998.461052967015
Tropics,SAT2,1129,FFSS,4791.538540668291,4846.753361982274
Tropics,SAT2,87,FFSS,18950.523678146837,19006.0685231345
Tropics,SAT2,216,FFSS,1647.5455948941863,1703.1782291783704
Tropics,SAT2,954,FFSS,17377.46032374111,17433.068133405744
Tropics,SAT2,581,FFSS,9423.98713836333,9477.70229207466
Tropics,SAT2,49,FFSS,2483.692654834626,2538.9584013636104
Tropics,SAT2,365,FFSS,9089.538741742714,9143.399865038335
Tropics,SAT2,1002,FFSS,10100.020853200404,10154.656684489928
Tropics,SAT2,513,FFSS,3656.5322014587346,3710.3578437457736
Tropics,SAT2,99,FFSS,2010.0535356256605,2066.000822194652
Tropics,SAT2,497,FFSS,20566.990323196507,20620.941996161255
Tropics,SAT2,212,FFSS,7329.338514294498,7385.128249324632
Tropics,SAT2,1131,FFSS,16897.11133187154,16952.887144898665
Tropics,SAT2,610,FFSS,17944.391669574845,17999.670394359764
Tropics,SAT2,143,FFSS,18770.38798234276,18825.89241817386
Tropics,SAT2,1006,FFSS,4418.449453066643,4473.210949724307
Tropics,SAT2,941,FFSS,4318.493065270733,4372.800842696709
Tropics,SAT2,937,FFSS,10012.69259063816,10067.120167470395
Tropics,SAT2,211,FFSS,7261.3550846847975,7316.970696587579
Tropics,SAT2,1028,FFSS,168.96817102364997,225.00996663895864
Tropics,SAT2,231,FFSS,8870.640831222563,8924.88510591153
Tropics,SAT2,928,FFSS,21336.416893598816,21390.713031483476
Tropics,SAT2,1007,FFSS,4486.127835296974,4540.995372313557
Tropics,SAT2,46,FFSS,2231.2060701462733,2286.6726247749853
Tropics,SAT2,46,FFSS,8183.978571392687,8239.258655853031
Tropics,SAT2,100,FFSS,14038.122327444962,14093.222285549315
Tropics,SAT2,161,FFSS,14244.852694399766,14299.484213953263
Tropics,SAT2,111,FFSS,2918.852301630066,2973.4595612605535
Tropics,SAT2,902,FFSS,457.42744541874794,512.8593446643815
Tropics,SAT2,958,FFSS,11683.393113577882,11738.898930535885
Tropics,SAT2,962,FFSS,5988.901345537043,6044.603017572685
Tropics,SAT2,441,FFSS,3549.0846494310413,3603.003955828423
Tropics,SAT2,301,FFSS,3278.6122753623767,3332.8037926419415
Tropics,SAT2,47,FFSS,2315.450340309347,2370.8745717544607
Tropics,SAT2,291,FFSS,14500.106107000403,14554.467720465298
Tropics,SAT2,825,FFSS,11912.159822624102,11967.554830661564
Tropics,SAT2,355,FFSS,20321.82947189463,20375.82731946788
Tropics,SAT2,0,FFSS,2566.0735884473247,2621.4875810975964
Tropics,SAT2,335,FFSS,12694.91985304243,12750.309930714522
Tropics,SAT2,50,FFSS,2566.0735884473243,2621.4875810975936
Tropics,SAT2,41,FFSS,13717.032236699763,13772.414802806981
Tropics,SAT4,670,FFSS_22.0_FOR,48.97658589278792,103.00493658147835
Tropics,SAT4,1200,FFSS_22.0_FOR,1712.6893036071347,1768.688557430147
Tropics,SAT4,419,FFSS_22.0_FOR,3147.421848139512,3201.2439969383504
Tropics,SAT4,758,FFSS_22.0_FOR,19558.20469854963,19611.978390426888
Tropics,SAT4,1184,FFSS_22.0_FOR,18205.76168834509,18260.42428524489
Tropics,SAT4,1191,FFSS_22.0_FOR,6906.903172233395,6961.536669170664
Tropics,SAT4,1191,FFSS_22.0_FOR,12850.11101171468,12904.758785767921
Tropics,SAT4,272,FFSS_22.0_FOR,20337.08592792147,20391.306661708062
Tropics,SAT4,764,FFSS_22.0_FOR,13973.686937714188,14029.412202530195
Tropics,SAT4,969,FFSS_22.0_FOR,7889.8843020487575,7943.896256356989
Tropics,SAT4,1141,FFSS_22.0_FOR,1224.0016161536569,1280.835204542781
Tropics,SAT4,1141,FFSS_22.0_FOR,7192.638211716922,7249.67866415128
Tropics,SAT4,1141,FFSS_22.0_FOR,13147.995897123676,13202.574449269949
Tropics,SAT4,1196,FFSS_22.0_FOR,1383.5507483042186,1438.202926228936
Tropics,SAT4,1196,FFSS_22.0_FOR,7323.23594081356,7378.473867665747
Tropics,SAT4,404,FFSS_22.0_FOR,20063.91754443467,20119.3076129837
Tropics,SAT4,832,FFSS_22.0_FOR,13776.43642158026,13830.348791708659
Tropics,SAT4,1190,FFSS_22.0_FOR,6824.299732698888,6879.138794165883
Tropics,SAT4,1190,FFSS_22.0_FOR,12766.297107706469,12820.943763818987
Tropics,SAT4,1190,FFSS_22.0_FOR,18702.473741067257,18758.48152419573
Tropics,SAT4,692,FFSS_22.0_FOR,13992.578924123633,14046.549002892194
Tropics,SAT4,1136,FFSS_22.0_FOR,6779.483568084909,6834.960892813956
Tropics,SAT4,1136,FFSS_22.0_FOR,18708.800746970846,18763.616983541066
Tropics,SAT4,406,FFSS_22.0_FOR,20186.111885903563,20241.29318034868
Tropics,SAT4,1188,FFSS_22.0_FOR,12597.995806127734,12652.619688958253
Tropics,SAT4,1188,FFSS_22.0_FOR,18541.073331559535,18595.74998903016
Tropics,SAT4,811,FFSS_22.0_FOR,6027.869615525345,6082.918233734935
Tropics,SAT4,1194,FFSS_22.0_FOR,1215.9413284693255,1270.6063099243925
Tropics,SAT4,1194,FFSS_22.0_FOR,7159.001754277691,7213.640963431907
Tropics,SAT4,443,FFSS_22.0_FOR,11063.415577098232,11117.078792874472
Tropics,SAT4,730,FFSS_22.0_FOR,17237.635232059376,17292.569555768205
Tropics,SAT4,594,FFSS_22.0_FOR,5680.384098623174,5734.902081693932
Tropics,SAT4,282,FFSS_22.0_FOR,9097.17818845024,9152.206118276677
Tropics,SAT4,763,FFSS_22.0_FOR,13915.018834177275,13968.746773313442
Tropics,SAT4,510,FFSS_22.0_FOR,16816.264093401176,16870.330191379835
Tropics,SAT4,1142,FFSS_22.0_FOR,7275.103771914957,7331.172328510423
Tropics,SAT4,1142,FFSS_22.0_FOR,13221.03758603416,13276.823183016328
Tropics,SAT4,1145,FFSS_22.0_FOR,1556.9825342764354,1613.7245748303592
Tropics,SAT4,1145,FFSS_22.0_FOR,7509.466281491541,7564.279778235432
Tropics,SAT4,1183,FFSS_22.0_FOR,18123.64512534402,18178.651880140693
Tropics,SAT4,43,FFSS_22.0_FOR,15319.439227085386,15374.307501708729
Tropics,SAT4,1135,FFSS_22.0_FOR,6700.818840606485,6755.461698623373
Tropics,SAT4,1135,FFSS_22.0_FOR,18628.817721663625,18684.534824621773
Tropics,SAT4,372,FFSS_22.0_FOR,10957.27022166355,11010.955342515608
Tropics,SAT4,800,FFSS_22.0_FOR,17244.520768336697,17299.22934086749
Tropics,SAT4,219,FFSS_22.0_FOR,9248.663992715074,9304.254712906897
Tropics,SAT4,175,FFSS_22.0_FOR,10675.810560819418,10731.558662822197
Tropics,SAT4,1132,FFSS_22.0_FOR,12416.320751375139,12471.478636614473
Tropics,SAT4,218,FFSS_22.0_FOR,9179.711393071888,9233.90626826169
Tropics,SAT4,299,FFSS_22.0_FOR,16490.884286038243,16544.796152175804
Tropics,SAT4,901,FFSS_22.0_FOR,13737.263771403374,13792.479858960516
Tropics,SAT4,449,FFSS_22.0_FOR,5478.892230856249,5534.482341028832
Tropics,SAT4,110,FFSS_22.0_FOR,16182.566853307708,16237.591911573407
Tropics,SAT4,40,FFSS_22.0_FOR,21010.091226799177,21064.845633713096
Tropics,SAT4,162,FFSS_22.0_FOR,3743.3294995019423,3798.947754753257
Tropics,SAT4,744,FFSS_22.0_FOR,247.80840488135166,302.71383496750207
Tropics,SAT4,905,FFSS_22.0_FOR,8045.782252905899,8100.003037791802
Tropics,SAT4,169,FFSS_22.0_FOR,16214.522831206654,16269.05442567435
Tropics,SAT4,598,FFSS_22.0_FOR,0.0,24.29407284560012
Tropics,SAT4,367,FFSS_22.0_FOR,16595.796802267992,16649.83450803397
Tropics,SAT4,170,FFSS_22.0_FOR,16282.864187817708,16337.051694562611
Tropics,SAT4,631,FFSS_22.0_FOR,2766.9254052010674,2821.16192696734
Tropics,SAT4,95,FFSS_22.0_FOR,15044.827730115918,15100.364992067845
Tropics,SAT4,95,FFSS_22.0_FOR,20991.46011193809,21047.66957387017
Tropics,SAT4,556,FFSS_22.0_FOR,8638.444471544179,8693.885294115134
Tropics,SAT4,521,FFSS_22.0_FOR,5580.122994412653,5635.141041653672
Tropics,SAT4,665,FFSS_22.0_FOR,5696.203140155239,5750.812083924731
Tropics,SAT4,696,FFSS_22.0_FOR,8297.508397444206,8340.28859299365
Tropics,SAT4,661,FFSS_22.0_FOR,11403.388949023749,11456.940113963334
Tropics,SAT4,488,FFSS_22.0_FOR,2979.175161228468,3033.7724502215087
Tropics,SAT4,773,FFSS_22.0_FOR,2627.8445407395484,2682.524593921365
Tropics,SAT4,442,FFSS_22.0_FOR,11029.55674488756,11057.193292568629
Tropics,SAT4,729,FFSS_22.0_FOR,17177.675572055192,17231.2739106354
Tropics,SAT4,768,FFSS_22.0_FOR,8271.560100684483,8325.588338438814
Tropics,SAT4,444,FFSS_22.0_FOR,11122.859191274294,11177.435626330662
Tropics,SAT4,687,FFSS_22.0_FOR,19639.697508677666,19694.148457871266
Tropics,SAT4,343,FFSS_22.0_FOR,14632.401067610803,14687.252971191643
Tropics,SAT4,908,FFSS_22.0_FOR,2289.166591095103,2344.3653648981103
Tropics,SAT4,886,FFSS_22.0_FOR,495.3066344309312,550.9302602574145
Tropics,SAT4,656,FFSS_22.0_FOR,17050.786250866495,17104.513247876
Tropics,SAT4,875,FFSS_22.0_FOR,11691.790064037641,11746.72752388638
Tropics,SAT4,377,FFSS_22.0_FOR,5318.273892029976,5372.075508350021
Tropics,SAT4,805,FFSS_22.0_FOR,11605.696517904835,11659.64261295124
Tropics,SAT4,951,FFSS_22.0_FOR,472.8452499779754,528.3182303493426
Tropics,SAT4,1189,FFSS_22.0_FOR,6743.3053578345625,6798.910395457611
Tropics,SAT4,1189,FFSS_22.0_FOR,12682.001136666924,12736.648062575827
Tropics,SAT4,1189,FFSS_22.0_FOR,18622.962565566882,18677.966234030726
Tropics,SAT4,109,FFSS_22.0_FOR,16111.837278638654,16166.082805258477
Tropics,SAT4,1195,FFSS_22.0_FOR,1299.369723511773,1353.9985665750403
Tropics,SAT4,1195,FFSS_22.0_FOR,7242.0424319643225,7296.779287609193
Tropics,SAT4,1186,FFSS_22.0_FOR,12433.372231829895,12488.629990169211
Tropics,SAT4,1186,FFSS_22.0_FOR,18373.381036867937,18428.032171872157
Tropics,SAT4,300,FFSS_22.0_FOR,16553.030480490823,16607.496853195455
Tropics,SAT4,1081,FFSS_22.0_FOR,18938.378808513487,18992.70487767512
Tropics,SAT4,623,FFSS_22.0_FOR,14186.70147903245,14241.920755138859
Tropics,SAT4,1198,FFSS_22.0_FOR,1551.2542877065955,1605.9308400207508
Tropics,SAT4,944,FFSS_22.0_FOR,11906.839956167994,11961.17766062417
Tropics,SAT4,964,FFSS_22.0_FOR,13509.084356350837,13563.749598214661
Tropics,SAT4,177,FFSS_22.0_FOR,4869.095406618949,4924.063324733648
Tropics,SAT4,899,FFSS_22.0_FOR,13611.321408479442,13666.683330723443
Tropics,SAT4,949,FFSS_22.0_FOR,6287.446300901102,6343.219801167812
Tropics,SAT4,217,FFSS_22.0_FOR,9112.407464551832,9167.289049394289
Tropics,SAT4,108,FFSS_22.0_FOR,16037.378820084317,16092.524011214973
Tropics,SAT4,884,FFSS_22.0_FOR,369.4067131705106,424.1913381803796
Tropics,SAT4,1134,FFSS_22.0_FOR,6624.234770127896,6678.70754812141
Tropics,SAT4,1134,FFSS_22.0_FOR,18546.859886549082,18603.595095806962
Tropics,SAT4,1193,FFSS_22.0_FOR,1133.8353478277952,1188.848486260372
Tropics,SAT4,1193,FFSS_22.0_FOR,7074.935718484708,7129.587312670644
Tropics,SAT4,1193,FFSS_22.0_FOR,13013.016959339531,13068.58414452757
Tropics,SAT4,910,FFSS_22.0_FOR,2414.7099602121825,2470.103468980632
Tropics,SAT4,308,FFSS_22.0_FOR,5168.57158959472,5222.436105855144
Tropics,SAT4,806,FFSS_22.0_FOR,11666.69954867842,11720.855298151819
Tropics,SAT4,1143,FFSS_22.0_FOR,7355.832495436439,7410.915077513791
Tropics,SAT4,701,FFSS_22.0_FOR,2637.613352881168,2692.6066707698774
Tropics,SAT4,632,FFSS_22.0_FOR,2825.6338796077926,2879.5180328994793
Tropics,SAT4,836,FFSS_22.0_FOR,8075.449422387356,8130.424080165504
Tropics,SAT4,671,FFSS_22.0_FOR,108.36392877700067,162.23233004631444
Tropics,SAT4,5,FFSS_22.0_FOR,4437.9814463849925,4492.7939480137065
Tropics,SAT4,516,FFSS_22.0_FOR,11227.994366272838,11282.30875745805
Tropics,SAT4,660,FFSS_22.0_FOR,11343.320056756587,11398.737200152313
Tropics,SAT4,809,FFSS_22.0_FOR,5905.707018071007,5961.010302744966
Tropics,SAT4,45,FFSS_22.0_FOR,9548.56792675022,9604.673320888603
Tropics,SAT4,45,FFSS_22.0_FOR,15485.822037326847,15540.469855735088
Tropics,SAT4,45,FFSS_22.0_FOR,21427.79151345825,21482.60742505459
Tropics,SAT4,1023,FFSS_22.0_FOR,19118.70088804896,19173.028904177463
Tropics,SAT4,339,FFSS_22.0_FOR,20325.383004238698,20381.58112134962
Tropics,SAT4,904,FFSS_22.0_FOR,7982.945647680771,8037.192113522263
Tropics,SAT4,1127,FFSS_22.0_FOR,17976.080202964913,18030.504480437263
Tropics,SAT4,48,FFSS_22.0_FOR,9794.533289069346,9849.175488156347
Tropics,SAT4,48,FFSS_22.0_FOR,15737.2142843904,15791.92846317434
Tropics,SAT4,2,FFSS_22.0_FOR,4187.34190043102,4241.993886457755
Tropics,SAT4,2,FFSS_22.0_FOR,10128.324473215533,10183.296593404877
Tropics,SAT4,546,FFSS_22.0_FOR,19933.72455922067,19987.83346899574
Tropics,SAT4,622,FFSS_22.0_FOR,14128.897035101309,14182.541150173862
Tropics,SAT4,214,FFSS_22.0_FOR,14852.07678187064,14906.349987555264
Tropics,SAT4,1013,FFSS_22.0_FOR,6343.400995227507,6397.486959673506
Tropics,SAT4,1005,FFSS_22.0_FOR,17688.130650726016,17742.37315631471
Tropics,SAT4,1004,FFSS_22.0_FOR,17620.544009205398,17675.003819437712
Tropics,SAT4,56,FFSS_22.0_FOR,4416.392716749974,4472.780620519378
Tropics,SAT4,56,FFSS_22.0_FOR,10365.706901811442,10420.857189763121
Tropics,SAT4,101,FFSS_22.0_FOR,9558.673930731733,9613.590071880675
Tropics,SAT4,101,FFSS_22.0_FOR,21487.640227656877,21542.988751984725
Tropics,SAT4,810,FFSS_22.0_FOR,5966.824300763272,6020.495370868906
Tropics,SAT4,213,FFSS_22.0_FOR,14784.574996751933,14839.223476054483
Tropics,SAT4,1017,FFSS_22.0_FOR,671.0823134958773,725.1480280496284
Tropics,SAT4,739,FFSS_22.0_FOR,5891.131443952462,5945.264528836093
Tropics,SAT4,688,FFSS_22.0_FOR,19699.479311028837,19753.280332259492
Tropics,SAT4,959,FFSS_22.0_FOR,19126.67001095575,19182.979788401466
Tropics,SAT4,237,FFSS_22.0_FOR,10699.891973224116,10754.007705539105
Tropics,SAT4,1022,FFSS_22.0_FOR,19050.603513703598,19105.125564642887
Tropics,SAT4,438,FFSS_22.0_FOR,16706.31445247177,16760.37017344127
Tropics,SAT4,742,FFSS_22.0_FOR,127.23213437853707,182.70191010315585
Tropics,SAT4,475,FFSS_22.0_FOR,20029.345747005496,20083.160599577484
Tropics,SAT4,762,FFSS_22.0_FOR,13853.841017389572,13908.751526351267
Tropics,SAT4,1076,FFSS_22.0_FOR,6569.767770291442,6625.208430492809
Tropics,SAT4,1091,FFSS_22.0_FOR,1827.3208761792741,1883.799912119955
Tropics,SAT4,972,FFSS_22.0_FOR,2136.7946625343293,2193.13416859209
Tropics,SAT4,943,FFSS_22.0_FOR,11842.080727519566,11896.207695475161
Tropics,SAT4,828,FFSS_22.0_FOR,19476.30893985252,19530.228388916235
Tropics,SAT4,1071,FFSS_22.0_FOR,12149.393196242227,12203.646848908711
Tropics,SAT4,117,FFSS_22.0_FOR,4804.524412015271,4858.7892638804415
Tropics,SAT4,97,FFSS_22.0_FOR,15195.95195656002,15250.64384384032
Tropics,SAT4,1086,FFSS_22.0_FOR,13355.275730061783,13410.499268076714
Tropics,SAT4,60,FFSS_22.0_FOR,4726.394660086435,4782.111269669518
Tropics,SAT4,485,FFSS_22.0_FOR,8742.73943295984,8797.7741339162
Tropics,SAT4,772,FFSS_22.0_FOR,2568.3721689394733,2622.152965610134
Tropics,SAT4,1021,FFSS_22.0_FOR,18978.789919350984,19035.40501437346
Tropics,SAT4,42,FFSS_22.0_FOR,15238.426380239642,15294.06767935036
Tropics,SAT4,42,FFSS_22.0_FOR,21177.17052983194,21231.82383648029
Tropics,SAT4,757,FFSS_22.0_FOR,19513.490890185058,19552.075432175978
Tropics,SAT4,584,FFSS_22.0_FOR,16983.875246797605,17037.651738554247
Tropics,SAT4,1138,FFSS_22.0_FOR,986.2521956949719,1040.6772874875116
Tropics,SAT4,1138,FFSS_22.0_FOR,12911.06389107914,12967.473394727764
Tropics,SAT4,1138,FFSS_22.0_FOR,18860.35195192919,18915.56623594963
Tropics,SAT4,309,FFSS_22.0_FOR,5230.521985444521,5285.1155158846705
Tropics,SAT4,1018,FFSS_22.0_FOR,739.6461728558131,794.7251357957568
Tropics,SAT4,1137,FFSS_22.0_FOR,911.0744756717426,966.0585126863295
Tropics,SAT4,1137,FFSS_22.0_FOR,6860.0610585715185,6916.574600085379
Tropics,SAT4,1137,FFSS_22.0_FOR,18786.161028059865,18840.641016100868
Tropics,SAT4,589,FFSS_22.0_FOR,11332.154268908283,11386.24008518496
Tropics,SAT4,599,FFSS_22.0_FOR,28.56848478349895,83.64181409970992
Tropics,SAT4,1078,FFSS_22.0_FOR,770.1554626400846,824.7267693293495
Tropics,SAT4,1027,FFSS_22.0_FOR,13446.56497405742,13500.791671748293
Tropics,SAT4,1070,FFSS_22.0_FOR,12077.791870123285,12132.7310251838
Tropics,SAT4,1087,FFSS_22.0_FOR,7480.123776262398,7536.895190694279
Tropics,SAT4,1092,FFSS_22.0_FOR,1904.1381356330787,1958.9010744722252
Tropics,SAT4,448,FFSS_22.0_FOR,5420.227415332681,5473.838979069474
Tropics,SAT4,1084,FFSS_22.0_FOR,13210.557427627158,13265.664025613176
Tropics,SAT4,952,FFSS_22.0_FOR,536.9967385011639,590.9162152424735
Tropics,SAT4,960,FFSS_22.0_FOR,19194.60392187621,19248.80705688093
Tropics,SAT4,210,FFSS_22.0_FOR,20524.473954680787,20578.863097379224
Tropics,SAT4,1034,FFSS_22.0_FOR,2032.4606617462316,2087.6363468312475
Tropics,SAT4,1075,FFSS_22.0_FOR,6495.811880351734,6550.1099418732165
Tropics,SAT4,209,FFSS_22.0_FOR,20456.765625176275,20511.227479559235
Tropics,SAT4,1009,FFSS_22.0_FOR,12015.750357892535,12069.89535086544
Tropics,SAT4,157,FFSS_22.0_FOR,9322.77126439255,9377.113851459133
Tropics,SAT4,115,FFSS_22.0_FOR,4653.986721110223,4710.554985573291
Tropics,SAT4,1008,FFSS_22.0_FOR,11948.365933267964,12003.035188062478
Tropics,SAT4,148,FFSS_22.0_FOR,20558.74601529729,20614.13902044896
Tropics,SAT4,1093,FFSS_22.0_FOR,1977.4148656377583,2031.7752824764443
Tropics,SAT4,947,FFSS_22.0_FOR,6157.42750560682,6212.06840047415
Tropics,SAT4,968,FFSS_22.0_FOR,7823.14926608595,7878.53188673579
Tropics,SAT4,405,FFSS_22.0_FOR,20125.048434831315,20178.829894492083
Tropics,SAT4,833,FFSS_22.0_FOR,13836.863875747256,13891.394161505257
Tropics,SAT4,1066,FFSS_22.0_FOR,17731.65468112797,17786.83323210839
Tropics,SAT4,815,FFSS_22.0_FOR,327.94097945268277,381.81087710495973
Tropics,SAT4,232,FFSS_22.0_FOR,16318.298603951387,16373.580619545464
Tropics,SAT4,1126,FFSS_22.0_FOR,17900.886978906252,17955.859555478368
Tropics,SAT4,52,FFSS_22.0_FOR,10052.186630490069,10108.903946024544
Tropics,SAT4,52,FFSS_22.0_FOR,16004.624102939086,16059.3848112954
Tropics,SAT4,105,FFSS_22.0_FOR,3921.6207217270094,3976.814511967218
Tropics,SAT4,105,FFSS_22.0_FOR,15851.02308361737,15906.06428190366
Tropics,SAT4,693,FFSS_22.0_FOR,14051.799401899485,14105.964979301818
Tropics,SAT4,91,FFSS_22.0_FOR,20683.698476250654,20739.922808106596
Tropics,SAT4,53,FFSS_22.0_FOR,10134.150817395857,10189.840334568584
Tropics,SAT4,104,FFSS_22.0_FOR,3843.6284733034595,3898.1650919515537
Tropics,SAT4,104,FFSS_22.0_FOR,15770.304132551673,15826.341047950633
Tropics,SAT4,551,FFSS_22.0_FOR,14286.107635658434,14340.772804195754
Tropics,SAT4,662,FFSS_22.0_FOR,11462.296529075285,11517.204238298184
Tropics,SAT4,559,FFSS_22.0_FOR,2872.5623608760175,2926.9709935228707
Tropics,SAT4,703,FFSS_22.0_FOR,2756.070684970023,2811.645104122911
Tropics,SAT4,555,FFSS_22.0_FOR,8579.630125380681,8633.294873259281
Tropics,SAT4,738,FFSS_22.0_FOR,5831.019387128411,5884.878873845526
Tropics,SAT4,1144,FFSS_22.0_FOR,7434.147610491195,7488.6486953715485
Tropics,SAT4,1133,FFSS_22.0_FOR,6549.739670273982,6605.220651695333
Tropics,SAT4,1133,FFSS_22.0_FOR,12496.294382004598,12552.468116461947
Tropics,SAT4,479,FFSS_22.0_FOR,14325.929994058088,14379.898914444108
Tropics,SAT4,666,FFSS_22.0_FOR,5755.911283528228,5809.510110871106
Tropics,SAT4,626,FFSS_22.0_FOR,8418.25238362994,8472.93252878429
Tropics,SAT4,759,FFSS_22.0_FOR,19617.651065706727,19672.356096961565
Tropics,SAT4,1139,FFSS_22.0_FOR,1063.532622923629,1118.4024412372728
Tropics,SAT4,1139,FFSS_22.0_FOR,12992.445688648237,13047.831748348408
Tropics,SAT4,351,FFSS_22.0_FOR,3247.024796617127,3300.9203042104173
Tropics,SAT4,414,FFSS_22.0_FOR,8786.295362890307,8840.155259439322
Tropics,SAT4,842,FFSS_22.0_FOR,2498.4643640656636,2552.6158940413866
Tropics,SAT4,880,FFSS_22.0_FOR,6061.884139175202,6115.849327807151
Tropics,SAT4,338,FFSS_22.0_FOR,20261.98706211981,20316.004554113973
Tropics,SAT4,545,FFSS_22.0_FOR,19874.410039035036,19928.426529247914
Tropics,SAT4,112,FFSS_22.0_FOR,10384.227138269136,10439.178254238663
Tropics,SAT4,733,FFSS_22.0_FOR,11474.103886768642,11528.572413859147
Tropics,SAT4,160,FFSS_22.0_FOR,3597.213272320298,3651.9388512039745
Tropics,SAT4,280,FFSS_22.0_FOR,8967.840343091313,9023.400290377955
Tropics,SAT4,241,FFSS_22.0_FOR,5014.370001322854,5068.952565099027
Tropics,SAT4,484,FFSS_22.0_FOR,8682.760442754598,8736.475390756003
Tropics,SAT4,771,FFSS_22.0_FOR,2538.074243702483,2562.250076106683
Tropics,SAT4,938,FFSS_22.0_FOR,17462.669517298284,17518.113613346908
Tropics,SAT4,221,FFSS_22.0_FOR,3440.260763532769,3495.423516540712
Tropics,SAT4,1140,FFSS_22.0_FOR,1142.8568579220646,1198.675188113053
Tropics,SAT4,1140,FFSS_22.0_FOR,13071.628525108048,13126.247879945955
Tropics,SAT4,223,FFSS_22.0_FOR,3576.0793414325576,3631.3737901927802
Tropics,SAT4,173,FFSS_22.0_FOR,10541.843594457334,10596.576621876555
Tropics,SAT4,114,FFSS_22.0_FOR,10528.439726714403,10583.719285882931
Tropics,SAT4,814,FFSS_22.0_FOR,266.9227263757528,321.2044107208962
Tropics,SAT4,158,FFSS_22.0_FOR,9396.597524086903,9451.988620773043
Tropics,SAT4,1080,FFSS_22.0_FOR,916.5166430808539,972.1947153700078
Tropics,SAT4,1080,FFSS_22.0_FOR,18863.678231958536,18918.98704340397
Tropics,SAT4,222,FFSS_22.0_FOR,3507.376668248659,3561.5319995440586
Tropics,SAT4,876,FFSS_22.0_FOR,11754.424520630022,11808.217937622327
Tropics,SAT4,174,FFSS_22.0_FOR,10610.694099357974,10664.80141268739
Tropics,SAT4,242,FFSS_22.0_FOR,5079.889512004164,5133.88467517766
Tropics,SAT4,939,FFSS_22.0_FOR,17526.82619097584,17580.743021840743
Tropics,SAT4,667,FFSS_22.0_FOR,5814.607882241134,5837.950708681508
Tropics,SAT4,286,FFSS_22.0_FOR,3412.036115002866,3466.46057495942
Tropics,SAT4,342,FFSS_22.0_FOR,14569.393701417017,14623.311526179046
Tropics,SAT4,841,FFSS_22.0_FOR,2437.434017407506,2491.5923222767715
Tropics,SAT4,94,FFSS_22.0_FOR,20911.46707939256,20966.669911014607
Tropics,SAT4,550,FFSS_22.0_FOR,14227.062741593523,14280.791549514168
Tropics,SAT4,98,FFSS_22.0_FOR,15274.637441431942,15330.156176608865
Tropics,SAT4,965,FFSS_22.0_FOR,13574.59930002556,13628.69326307426
Tropics,SAT4,59,FFSS_22.0_FOR,4653.345291410553,4707.867737593083
Tropics,SAT4,909,FFSS_22.0_FOR,2353.5972034406986,2407.4785145978108
Tropics,SAT4,278,FFSS_22.0_FOR,14782.491000851918,14838.36920913687
Tropics,SAT4,827,FFSS_22.0_FOR,19414.712090162542,19469.205319998768
Tropics,SAT4,940,FFSS_22.0_FOR,17591.979832632238,17646.925662308007
Tropics,SAT4,376,FFSS_22.0_FOR,5256.666107021733,5311.068185466262
Tropics,SAT4,410,FFSS_22.0_FOR,14486.173743046415,14540.162369682834
Tropics,SAT4,838,FFSS_22.0_FOR,8196.996111352344,8252.63468072246
Tropics,SAT4,1085,FFSS_22.0_FOR,13284.788283021195,13339.096030576702
Tropics,SAT4,102,FFSS_22.0_FOR,3693.899114587227,3750.142610473738
Tropics,SAT4,102,FFSS_22.0_FOR,9638.018136767776,9693.87384305592
Tropics,SAT4,102,FFSS_22.0_FOR,21566.810263796586,21600.0
Tropics,SAT4,519,FFSS_22.0_FOR,5461.148839723334,5516.435948910304
Tropics,SAT4,1082,FFSS_22.0_FOR,19009.367399493447,19064.35401682832
Tropics,SAT4,152,FFSS_22.0_FOR,14904.872514619588,14960.005466455286
Tropics,SAT4,55,FFSS_22.0_FOR,10291.508270038987,10345.937834716542
Tropics,SAT4,96,FFSS_22.0_FOR,15119.345801427726,15173.872421682056
Tropics,SAT4,1079,FFSS_22.0_FOR,842.2667763325419,896.6360680858442
Tropics,SAT4,156,FFSS_22.0_FOR,9251.027966851267,9305.938851683148
Tropics,SAT4,1089,FFSS_22.0_FOR,7631.133821079792,7685.452593037982
Tropics,SAT4,116,FFSS_22.0_FOR,4731.016037144442,4785.793317566382
Tropics,SAT4,303,FFSS_22.0_FOR,10797.447395520534,10852.059987758927
Tropics,SAT4,350,FFSS_22.0_FOR,3184.4139746977266,3240.0667517670386
Tropics,SAT4,1199,FFSS_22.0_FOR,1633.1580142190194,1688.1590219495265
Tropics,SAT4,554,FFSS_22.0_FOR,8519.72902461907,8574.832333193808
Tropics,SAT4,698,FFSS_22.0_FOR,8403.993539234389,8458.749644637166
Tropics,SAT4,371,FFSS_22.0_FOR,10894.433789747689,10949.876267407657
Tropics,SAT4,1185,FFSS_22.0_FOR,18289.197433862777,18343.825842286486
Tropics,SAT4,418,FFSS_22.0_FOR,3086.3477700188205,3141.1904325703
Tropics,SAT4,39,FFSS_22.0_FOR,20928.49886584968,20983.791505834055
Tropics,SAT4,439,FFSS_22.0_FOR,16766.585569453422,16820.505776039485
Tropics,SAT4,44,FFSS_22.0_FOR,15402.057984855335,15456.711812836702
Tropics,SAT4,44,FFSS_22.0_FOR,21345.285716320686,21399.918130205366
Tropics,SAT4,871,FFSS_22.0_FOR,17384.263314320106,17438.296228867137
Tropics,SAT4,6,FFSS_22.0_FOR,4518.384065309686,4573.910141475442
Tropics,SAT4,347,FFSS_22.0_FOR,8939.634241534884,8993.708462158198
Tropics,SAT4,92,FFSS_22.0_FOR,20757.55007701114,20812.25416766432
Tropics,SAT4,583,FFSS_22.0_FOR,16925.199139210952,16979.30066581193
Tropics,SAT4,1197,FFSS_22.0_FOR,1467.776732295331,1522.418681151653
Tropics,SAT4,1197,FFSS_22.0_FOR,7401.802757702351,7432.84139588609
Tropics,SAT4,885,FFSS_22.0_FOR,432.05941969180736,485.8765288609064
Tropics,SAT4,153,FFSS_22.0_FOR,14976.366884734938,15030.68058398538
Tropics,SAT4,368,FFSS_22.0_FOR,16656.786466109294,16710.839445813832
Tropics,SAT4,234,FFSS_22.0_FOR,16448.13326676773,16503.187526047575
Tropics,SAT4,896,FFSS_22.0_FOR,19368.237109308477,19422.377411467536
Tropics,SAT4,285,FFSS_22.0_FOR,3347.263561550484,3401.493961403115
Tropics,SAT4,236,FFSS_22.0_FOR,10631.953137033981,10688.189829913079
Tropics,SAT4,621,FFSS_22.0_FOR,14069.50172340459,14124.747917725423
Tropics,SAT4,1182,FFSS_22.0_FOR,18043.24983694965,18099.30373428547
Tropics,SAT4,948,FFSS_22.0_FOR,6221.851783345357,6275.842894149992
Tropics,SAT4,238,FFSS_22.0_FOR,10764.207721221233,10818.576198541392
Tropics,SAT4,515,FFSS_22.0_FOR,11169.058157073081,11222.753441995303
Tropics,SAT4,1187,FFSS_22.0_FOR,12514.946923141024,12569.674150211147
Tropics,SAT4,1187,FFSS_22.0_FOR,18457.604611508752,18512.24465296555
Tropics,SAT4,103,FFSS_22.0_FOR,3767.7358581338067,3822.4453801658346
Tropics,SAT4,103,FFSS_22.0_FOR,9719.1801350802,9776.040395135837
Tropics,SAT4,103,FFSS_22.0_FOR,15687.843218350157,15744.863573448325
Tropics,SAT4,1128,FFSS_22.0_FOR,18053.37673355902,18108.25212455574
Tropics,SAT4,54,FFSS_22.0_FOR,10214.140669011527,10268.918992987683
Tropics,SAT4,702,FFSS_22.0_FOR,2697.8703958783717,2751.5419129864854
Tropics,SAT4,588,FFSS_22.0_FOR,11273.790078304879,11327.577448227437
Tropics,SAT4,215,FFSS_22.0_FOR,14921.286737212366,14977.20372170651
Tropics,SAT4,304,FFSS_22.0_FOR,10861.161150241936,10915.007679796641
Tropics,SAT4,1030,FFSS_22.0_FOR,7705.243860089009,7760.168608519329
Tropics,SAT4,179,FFSS_22.0_FOR,5004.079032285103,5059.453319742126
Tropics,SAT4,520,FFSS_22.0_FOR,5521.69689896893,5575.242306630622
Tropics,SAT4,1074,FFSS_22.0_FOR,6423.958519981052,6478.695620478817
Tropics,SAT4,51,FFSS_22.0_FOR,4001.599017672555,4057.7979013252275
Tropics,SAT4,51,FFSS_22.0_FOR,15929.323788951882,15983.77658278773
Tropics,SAT4,1149,FFSS_22.0_FOR,1870.5564500454611,1925.7611147180908
Tropics,SAT4,1148,FFSS_22.0_FOR,1796.3379896696044,1850.8185320430541
Tropics,SAT4,1016,FFSS_22.0_FOR,604.0758605482904,659.3052620356212
Tropics,SAT4,697,FFSS_22.0_FOR,8345.300479150532,8399.01006302476
Tropics,SAT4,1031,FFSS_22.0_FOR,7774.359568276214,7828.52698281235
Tropics,SAT4,106,FFSS_22.0_FOR,4001.5990176725536,4057.7979013252257
Tropics,SAT4,106,FFSS_22.0_FOR,15929.32378895188,15983.776582787725
Tropics,SAT4,1067,FFSS_22.0_FOR,17803.009953029297,17857.247348598437
Tropics,SAT4,1129,FFSS_22.0_FOR,12188.619208293418,12244.78642984123
Tropics,SAT4,1129,FFSS_22.0_FOR,18132.715893189245,18188.542239169656
Tropics,SAT4,1147,FFSS_22.0_FOR,1718.9546373090957,1773.777518121937
Tropics,SAT4,1026,FFSS_22.0_FOR,13377.958206591687,13432.66442047201
Tropics,SAT4,961,FFSS_22.0_FOR,19258.91502116787,19313.38806056722
Tropics,SAT4,1130,FFSS_22.0_FOR,12262.447822473316,12317.09621210108
Tropics,SAT4,1130,FFSS_22.0_FOR,18213.873350134403,18270.714357302186
Tropics,SAT4,1,FFSS_22.0_FOR,4103.330731322571,4157.97177614255
Tropics,SAT4,1,FFSS_22.0_FOR,10046.42797224441,10101.084887841738
Tropics,SAT4,49,FFSS_22.0_FOR,3938.6957135259995,3993.9944525146684
Tropics,SAT4,49,FFSS_22.0_FOR,9878.722918225423,9933.376532998613
Tropics,SAT4,49,FFSS_22.0_FOR,15818.39900092433,15873.605844712041
Tropics,SAT4,560,FFSS_22.0_FOR,2932.1226158965565,2985.945880593316
Tropics,SAT4,178,FFSS_22.0_FOR,4938.454514011315,4992.523682735545
Tropics,SAT4,657,FFSS_22.0_FOR,17109.944091638114,17164.186228382598
Tropics,SAT4,1012,FFSS_22.0_FOR,6276.210314119413,6331.135706204392
Tropics,SAT4,341,FFSS_22.0_FOR,14506.791613128893,14562.647964200161
Tropics,SAT4,58,FFSS_22.0_FOR,4576.97060319215,4631.5463012132195
Tropics,SAT4,409,FFSS_22.0_FOR,14425.139757708203,14479.517683630304
Tropics,SAT4,837,FFSS_22.0_FOR,8137.679456938597,8191.473450702765
Tropics,SAT4,93,FFSS_22.0_FOR,20833.45877322381,20887.999243696
Tropics,SAT4,99,FFSS_22.0_FOR,9406.171266014942,9461.21042426669
Tropics,SAT4,99,FFSS_22.0_FOR,15355.233308378016,15411.778206543033
Tropics,SAT4,877,FFSS_22.0_FOR,11817.618656126719,11873.060400951195
Tropics,SAT4,593,FFSS_22.0_FOR,5622.31168694849,5675.907099265898
Tropics,SAT4,617,FFSS_22.0_FOR,19780.438854573844,19834.146894159094
Tropics,SAT4,273,FFSS_22.0_FOR,20401.867370422173,20456.306204291508
Tropics,SAT4,970,FFSS_22.0_FOR,7953.043320849091,8008.185075749061
Tropics,SAT4,113,FFSS_22.0_FOR,10458.21308877343,10512.453173990234
Tropics,SAT4,150,FFSS_22.0_FOR,20703.252104516825,20758.244839433613
Tropics,SAT4,1036,FFSS_22.0_FOR,2167.9745321344385,2223.2707858435137
Tropics,SAT4,1131,FFSS_22.0_FOR,12338.333903816052,12392.822720251921
Tropics,SAT4,483,FFSS_22.0_FOR,8622.136586212502,8677.70586959973
Tropics,SAT4,474,FFSS_22.0_FOR,19969.008884796418,20023.582089582054
Tropics,SAT4,1088,FFSS_22.0_FOR,7557.377660102239,7612.302049359556
Tropics,SAT4,277,FFSS_22.0_FOR,14716.873381804331,14770.962519418144
Tropics,SAT4,974,FFSS_22.0_FOR,2269.1091642844926,2323.5682263303856
Tropics,SAT4,1006,FFSS_22.0_FOR,17757.455112869568,17813.46827808834
Tropics,SAT4,281,FFSS_22.0_FOR,9032.012245147658,9086.027045135364
Tropics,SAT4,1146,FFSS_22.0_FOR,1638.9532474876962,1694.6785867258254
Tropics,SAT4,233,FFSS_22.0_FOR,16385.00372666791,16438.920857733527
Tropics,SAT4,743,FFSS_22.0_FOR,187.84358457572986,241.4447071757595
Tropics,SAT4,420,FFSS_22.0_FOR,3208.5401393480415,3264.3090348331984
Tropics,SAT4,211,FFSS_22.0_FOR,20593.948593925717,20650.221070645806
Tropics,SAT4,1035,FFSS_22.0_FOR,2102.0846450792305,2156.2342529287494
Tropics,SAT4,447,FFSS_22.0_FOR,5359.050868324004,5413.862283256711
Tropics,SAT4,734,FFSS_22.0_FOR,11534.427493648673,11588.123222985685
Tropics,SAT4,1028,FFSS_22.0_FOR,13511.438824393159,13567.48348688496
Tropics,SAT4,1014,FFSS_22.0_FOR,6412.21112235062,6467.571216716778
Tropics,SAT4,1068,FFSS_22.0_FOR,17876.38950559333,17931.40924806768
Tropics,SAT4,149,FFSS_22.0_FOR,20629.99760848815,20684.311051695513
Tropics,SAT4,1094,FFSS_22.0_FOR,2046.8924739712975,2102.7057832851788
Tropics,SAT4,4,FFSS_22.0_FOR,4355.463206613709,4410.094660208568
Tropics,SAT4,46,FFSS_22.0_FOR,9628.969733187492,9684.013632642718
Tropics,SAT4,46,FFSS_22.0_FOR,15570.109310029444,15624.758865897096
Tropics,SAT4,46,FFSS_22.0_FOR,21508.176289965977,21563.710656991243
Tropics,SAT4,1010,FFSS_22.0_FOR,12084.81379128531,12140.48569834108
Tropics,SAT4,1032,FFSS_22.0_FOR,7839.741273745475,7895.38653793641
Tropics,SAT4,618,FFSS_22.0_FOR,19838.514209757497,19893.1727334848
Tropics,SAT4,1192,FFSS_22.0_FOR,1053.4525148297066,1109.5207096805548
Tropics,SAT4,1192,FFSS_22.0_FOR,6990.655422660396,7045.293604140087
Tropics,SAT4,1192,FFSS_22.0_FOR,12932.621988657083,12987.462853945855
Tropics,SAT4,511,FFSS_22.0_FOR,16875.744290336126,16929.58181488557
Tropics,SAT4,881,FFSS_22.0_FOR,6124.744048295482,6179.08253440271
Tropics,SAT4,276,FFSS_22.0_FOR,14652.427627050653,14707.158861271848
Tropics,SAT4,973,FFSS_22.0_FOR,2204.7639191576814,2258.9768381865715
Tropics,SAT4,100,FFSS_22.0_FOR,9481.371600376462,9535.84861658538
Tropics,SAT4,100,FFSS_22.0_FOR,21406.266392426478,21462.648642144573
Tropics,SAT4,627,FFSS_22.0_FOR,8477.294051408446,8530.996870967354
Tropics,SAT4,161,FFSS_22.0_FOR,3669.2111404805914,3723.6103731853154
Tropics,SAT4,57,FFSS_22.0_FOR,4497.780892754122,4553.135183383936
Tropics,SAT4,337,FFSS_22.0_FOR,20199.268022370834,20253.83650256505
Tropics,SAT4,373,FFSS_22.0_FOR,11017.120058441535,11072.028944918826
Tropics,SAT4,801,FFSS_22.0_FOR,17305.57419605848,17359.290114068226
Tropics,SAT4,953,FFSS_22.0_FOR,602.1400676719694,657.0657474655851
Tropics,SAT4,728,FFSS_22.0_FOR,17117.075264997908,17172.509198060354
Tropics,SAT4,352,FFSS_22.0_FOR,3310.07606127331,3365.0686519829524
Tropics,SAT4,47,FFSS_22.0_FOR,9711.092177791086,9765.779778667014
Tropics,SAT4,47,FFSS_22.0_FOR,15654.177160943587,15708.803759911689
Tropics,SAT4,3,FFSS_22.0_FOR,4271.643367753788,4326.284456547532
Tropics,SAT4,3,FFSS_22.0_FOR,10207.84355578494,10263.806573004264
Tropics,SAT4,480,FFSS_22.0_FOR,14386.056126984475,14440.313162180904
Tropics,SAT4,767,FFSS_22.0_FOR,8211.259405556351,8265.437116866158
Tropics,SAT4,0,FFSS_22.0_FOR,4020.276314007884,4075.0318095197467
Tropics,SAT4,0,FFSS_22.0_FOR,9962.952604769764,10017.584524972173
Tropics,SAT4,0,FFSS_22.0_FOR,15896.952210553438,15919.976072330763
Tropics,SAT4,154,FFSS_22.0_FOR,15049.905149065577,15105.087419698279
Tropics,SAT4,489,FFSS_22.0_FOR,3039.5211637050334,3093.3275365284962
Tropics,SAT4,307,FFSS_22.0_FOR,5103.2300174648835,5159.11532595149
Tropics,SAT4,872,FFSS_22.0_FOR,17447.088458292095,17501.326717795393
Tropics,SAT4,298,FFSS_22.0_FOR,16425.330352694888,16481.419589605764
Tropics,SAT4,895,FFSS_22.0_FOR,19305.20058787273,19359.53603329016
Tropics,SAT4,118,FFSS_22.0_FOR,4874.246250120844,4929.8188381226655
Tropics,SAT4,900,FFSS_22.0_FOR,13675.960007662714,13729.843167489464
Tropics,SAT4,50,FFSS_22.0_FOR,4020.2763140078837,4075.0318095197454
Tropics,SAT4,50,FFSS_22.0_FOR,9962.952604769764,10017.584524972173
Tropics,SAT4,50,FFSS_22.0_FOR,15896.952210553438,15919.976032697094
Tropics,SAT4,346,FFSS_22.0_FOR,8876.889842418434,8931.342282803753
Tropics,SAT4,802,FFSS_22.0_FOR,17366.676413816065,17422.36521217789
Tropics,SAT4,415,FFSS_22.0_FOR,8847.32565686222,8901.98115388268
Tropics,SAT4,1090,FFSS_22.0_FOR,7701.117857318606,7756.615934107764
Tropics,SAT4,1072,FFSS_22.0_FOR,12223.058848697998,12278.279725112596
Tropics,SAT4,41,FFSS_22.0_FOR,21093.15459575607,21147.796637617143
Tropics,SAT4,419,FFSS,3147.4218481391035,3201.243996836917
Tropics,SAT4,758,FFSS,19558.204699000322,19611.978381512592
Tropics,SAT4,1184,FFSS,18205.761688362036,18260.424175930722
Tropics,SAT4,1191,FFSS,6906.903172198114,6961.536667416087
Tropics,SAT4,1191,FFSS,12850.111011601872,12904.758785311175
Tropics,SAT4,272,FFSS,20337.086150380565,20391.306723107693
Tropics,SAT4,969,FFSS,7889.8843020487575,7943.896256356989
Tropics,SAT4,1141,FFSS,13147.995891676668,13202.574437112264
Tropics,SAT4,1196,FFSS,1383.550748325919,1438.2029262288506
Tropics,SAT4,1190,FFSS,6824.299732725307,6879.138794164237
Tropics,SAT4,1190,FFSS,12766.297110486272,12820.943763823425
Tropics,SAT4,692,FFSS,13992.578721594467,14046.549002891197
Tropics,SAT4,1188,FFSS,12597.995806127734,12652.620325965137
Tropics,SAT4,1188,FFSS,18541.073227477827,18595.749935182095
Tropics,SAT4,1194,FFSS,1215.9413284728014,1270.606175254056
Tropics,SAT4,1194,FFSS,7159.001485789877,7213.640963431943
Tropics,SAT4,443,FFSS,11063.415546416192,11117.078780139544
Tropics,SAT4,763,FFSS,13915.018828521634,13968.746772838913
Tropics,SAT4,43,FFSS,15319.43907085495,15374.307501709933
Tropics,SAT4,1135,FFSS,6700.818840661375,6755.461839470886
Tropics,SAT4,372,FFSS,10957.27022160608,11010.955342532216
Tropics,SAT4,218,FFSS,9179.711393074007,9233.906268270699
Tropics,SAT4,299,FFSS,16490.884286039272,16544.7961521882
Tropics,SAT4,40,FFSS,21010.091273866165,21064.845327671654
Tropics,SAT4,598,FFSS,0.0,24.29407284560012
Tropics,SAT4,367,FFSS,16595.796772750487,16649.83448078611
Tropics,SAT4,170,FFSS,16282.864187847701,16337.05166771877
Tropics,SAT4,661,FFSS,11403.388949023749,11456.939377254834
Tropics,SAT4,729,FFSS,17177.675570637053,17231.273864247043
Tropics,SAT4,768,FFSS,8271.559983246285,8295.61555484193
Tropics,SAT4,656,FFSS,17050.786551775018,17104.51324787736
Tropics,SAT4,377,FFSS,5318.273888462644,5372.075496055428
Tropics,SAT4,805,FFSS,11605.696720470018,11659.642612756566
Tropics,SAT4,1189,FFSS,12682.001450790913,12736.648062575745
Tropics,SAT4,109,FFSS,16111.837278638654,16166.082805258477
Tropics,SAT4,1195,FFSS,1299.3699154439523,1353.9985305415848
Tropics,SAT4,1195,FFSS,7242.042431962571,7296.779283259979
Tropics,SAT4,1186,FFSS,18373.381037706495,18428.032171871822
Tropics,SAT4,1081,FFSS,18938.378808513487,18992.70487767512
Tropics,SAT4,1198,FFSS,1551.2542877553878,1605.9313763164546
Tropics,SAT4,1134,FFSS,6624.2350953462355,6678.70729524099
Tropics,SAT4,1193,FFSS,7074.935718327542,7129.5873126706865
Tropics,SAT4,308,FFSS,5168.57158875234,5222.43609696373
Tropics,SAT4,632,FFSS,2825.6338795793968,2879.5180327804737
Tropics,SAT4,671,FFSS,108.36392864941521,162.2323289643907
Tropics,SAT4,5,FFSS,4437.981446449036,4492.793466517003
Tropics,SAT4,45,FFSS,15485.822037287842,15540.469855735231
Tropics,SAT4,45,FFSS,21427.791520823244,21482.60741922767
Tropics,SAT4,1023,FFSS,19118.70088212694,19173.029504153055
Tropics,SAT4,904,FFSS,7982.94593749077,8037.192113523996
Tropics,SAT4,1127,FFSS,17976.080202964913,18030.503742749388
Tropics,SAT4,48,FFSS,9794.533633239605,9849.17472475135
Tropics,SAT4,48,FFSS,15737.214284388967,15791.928462266065
Tropics,SAT4,2,FFSS,4187.34190040705,4241.993886457843
Tropics,SAT4,622,FFSS,14128.897035101309,14182.541150173862
Tropics,SAT4,214,FFSS,14852.075816714769,14906.349966926691
Tropics,SAT4,1013,FFSS,6343.401285538984,6397.486959673538
Tropics,SAT4,1005,FFSS,17688.13065072592,17742.37315631961
Tropics,SAT4,101,FFSS,9558.673942528245,9613.59007160076
Tropics,SAT4,810,FFSS,5966.824300574491,6020.495370883655
Tropics,SAT4,1017,FFSS,671.082313452911,725.1480280547569
Tropics,SAT4,688,FFSS,19699.47924598496,19753.280332121598
Tropics,SAT4,237,FFSS,10699.892248438955,10754.007705544578
Tropics,SAT4,475,FFSS,20029.34574705381,20083.16059958036
Tropics,SAT4,943,FFSS,11842.080713416935,11896.207695479074
Tropics,SAT4,828,FFSS,19476.308948713508,19530.228384841965
Tropics,SAT4,1071,FFSS,12149.393196246096,12203.646848908676
Tropics,SAT4,117,FFSS,4804.524721421989,4858.7892456185555
Tropics,SAT4,97,FFSS,15195.951956560155,15250.643935883294
Tropics,SAT4,772,FFSS,2568.372169011809,2622.1529506563543
Tropics,SAT4,42,FFSS,21177.17052285192,21231.82383647271
Tropics,SAT4,584,FFSS,16983.875277726012,17037.65173559902
Tropics,SAT4,1138,FFSS,986.2521957282424,1040.6766449056295
Tropics,SAT4,1137,FFSS,18786.161028107937,18840.641015961522
Tropics,SAT4,1027,FFSS,13446.564974105271,13500.791671750716
Tropics,SAT4,1092,FFSS,1904.138170582838,1958.901565451808
Tropics,SAT4,448,FFSS,5420.227457240242,5473.838978710857
Tropics,SAT4,952,FFSS,536.9967384995011,590.9162151138133
Tropics,SAT4,960,FFSS,19194.603951844536,19248.80705687996
Tropics,SAT4,1075,FFSS,6495.811907830165,6550.109941860004
Tropics,SAT4,1009,FFSS,12015.750341559899,12069.895350006436
Tropics,SAT4,157,FFSS,9322.771250467771,9377.11311299817
Tropics,SAT4,1093,FFSS,1977.4151432921135,2031.7752824764614
Tropics,SAT4,405,FFSS,20125.04816509294,20178.829894485483
Tropics,SAT4,815,FFSS,327.9410850864301,381.8108674659771
Tropics,SAT4,104,FFSS,3843.6284731857972,3898.165091947445
Tropics,SAT4,555,FFSS,8579.630125441721,8633.294873259045
Tropics,SAT4,738,FFSS,5831.019387174295,5884.878873835522
Tropics,SAT4,1144,FFSS,7434.147610491195,7488.6486953715485
Tropics,SAT4,479,FFSS,14325.930175505215,14379.898807987502
Tropics,SAT4,666,FFSS,5755.91128825568,5809.510104829125
Tropics,SAT4,1139,FFSS,1063.532863788423,1118.4029041919184
Tropics,SAT4,351,FFSS,3247.0247966123425,3300.9203039491053
Tropics,SAT4,414,FFSS,8786.295363798015,8840.155259441697
Tropics,SAT4,880,FFSS,6061.8836621208275,6115.8493255057465
Tropics,SAT4,338,FFSS,20261.98706214647,20316.004504013734
Tropics,SAT4,484,FFSS,8682.760442754598,8736.475390769838
Tropics,SAT4,1140,FFSS,13071.628524022019,13126.247867998643
Tropics,SAT4,222,FFSS,3507.376668232893,3561.531999544151
Tropics,SAT4,876,FFSS,11754.424520688166,11808.217937630428
Tropics,SAT4,174,FFSS,10610.693729034167,10664.801342088333
Tropics,SAT4,242,FFSS,5079.889511933776,5133.884675171624
Tropics,SAT4,939,FFSS,17526.82619097584,17580.7430217946
Tropics,SAT4,286,FFSS,3412.0361150393805,3466.460439192951
Tropics,SAT4,342,FFSS,14569.39367755614,14623.311513081373
Tropics,SAT4,841,FFSS,2437.4340174100153,2491.592321618
Tropics,SAT4,550,FFSS,14227.062741374659,14280.791549526335
Tropics,SAT4,965,FFSS,13574.599299850288,13628.693263071262
Tropics,SAT4,59,FFSS,4653.345291410339,4707.868400519249
Tropics,SAT4,909,FFSS,2353.5972076314633,2407.4785145991377
Tropics,SAT4,410,FFSS,14486.173744077945,14540.162359057187
Tropics,SAT4,1085,FFSS,13284.788283067399,13339.095188040921
Tropics,SAT4,102,FFSS,21566.810226497815,21600.0
Tropics,SAT4,55,FFSS,10291.508275118917,10345.937834524204
Tropics,SAT4,96,FFSS,15119.34599819899,15173.872421683429
Tropics,SAT4,1079,FFSS,842.2667763213617,896.6360528145382
Tropics,SAT4,1089,FFSS,7631.133871505555,7685.452592320309
Tropics,SAT4,1185,FFSS,18289.197445970094,18343.82547250117
Tropics,SAT4,439,FFSS,16766.585567046106,16783.364360945012
Tropics,SAT4,44,FFSS,15402.057336934145,15456.711811988675
Tropics,SAT4,44,FFSS,21345.285594310786,21399.91813027586
Tropics,SAT4,871,FFSS,17384.263411221615,17438.296228871717
Tropics,SAT4,347,FFSS,8939.634430478849,8993.708462069606
Tropics,SAT4,92,FFSS,20757.55007702673,20812.254167546864
Tropics,SAT4,1197,FFSS,1467.7770082832487,1522.4186811513487
Tropics,SAT4,885,FFSS,432.05934219204926,485.8765288582216
Tropics,SAT4,153,FFSS,14976.366884734938,15030.68058398538
Tropics,SAT4,896,FFSS,19368.237109310143,19422.377787546608
Tropics,SAT4,948,FFSS,6221.852108083602,6275.842891829383
Tropics,SAT4,1187,FFSS,12514.946923141935,12569.674150213303
Tropics,SAT4,1187,FFSS,18457.60461154352,18512.245007189395
Tropics,SAT4,103,FFSS,3767.735858135668,3822.44538016496
Tropics,SAT4,1128,FFSS,18053.37665272384,18108.252394698342
Tropics,SAT4,54,FFSS,10214.140406580307,10268.918992991159
Tropics,SAT4,702,FFSS,2697.8704443004312,2751.5419130033633
Tropics,SAT4,588,FFSS,11273.790078360815,11327.577447957157
Tropics,SAT4,304,FFSS,10861.160636203691,10915.007679803708
Tropics,SAT4,520,FFSS,5521.696899005514,5575.242306630474
Tropics,SAT4,51,FFSS,15929.323788942855,15983.776582787728
Tropics,SAT4,1148,FFSS,1796.3381976149471,1850.8185318517008
Tropics,SAT4,697,FFSS,8345.300479150532,8399.010060380446
Tropics,SAT4,1031,FFSS,7774.359568185209,7828.526980240668
Tropics,SAT4,106,FFSS,15929.323788942851,15983.776582787725
Tropics,SAT4,1147,FFSS,1718.9545922041023,1773.7775181224424
Tropics,SAT4,1130,FFSS,12262.447822537533,12317.096212106058
Tropics,SAT4,1,FFSS,4103.330731364104,4157.9717761385145
Tropics,SAT4,1,FFSS,10046.427815629497,10101.08483494936
Tropics,SAT4,49,FFSS,9878.722917864432,9933.376532998866
Tropics,SAT4,560,FFSS,2932.122615895067,2985.9458781564017
Tropics,SAT4,178,FFSS,4938.454513975986,4992.52368271351
Tropics,SAT4,58,FFSS,4576.9706030198695,4631.5469900874405
Tropics,SAT4,837,FFSS,8137.67946461096,8191.473450570222
Tropics,SAT4,93,FFSS,20833.458773221595,20887.99925116086
Tropics,SAT4,593,FFSS,5622.31162543258,5675.907057841998
Tropics,SAT4,617,FFSS,19780.43836120588,19834.146891679677
Tropics,SAT4,273,FFSS,20401.86733580958,20447.092716125942
Tropics,SAT4,113,FFSS,10458.213088772984,10512.453173983136
Tropics,SAT4,1131,FFSS,12338.333506053863,12392.822720246151
Tropics,SAT4,277,FFSS,14716.873432426424,14770.962517511794
Tropics,SAT4,281,FFSS,9032.012245207066,9086.027045059116
Tropics,SAT4,743,FFSS,187.84358463730564,241.44470719254676
Tropics,SAT4,1035,FFSS,2102.0846450792305,2156.234252938282
Tropics,SAT4,734,FFSS,11534.42749365232,11588.123086862372
Tropics,SAT4,149,FFSS,20629.99760848234,20684.311030584682
Tropics,SAT4,4,FFSS,4355.463563898998,4410.094659521032
Tropics,SAT4,46,FFSS,15570.10845094871,15624.759339334489
Tropics,SAT4,1192,FFSS,6990.655422563753,7045.293604139892
Tropics,SAT4,1192,FFSS,12932.621950789531,12987.462779316433
Tropics,SAT4,511,FFSS,16875.744290336414,16929.581800614593
Tropics,SAT4,973,FFSS,2204.7639035905577,2258.9768380198207
Tropics,SAT4,100,FFSS,9481.371600116585,9535.847961563695
Tropics,SAT4,627,FFSS,8477.294056849227,8530.996857780143
Tropics,SAT4,161,FFSS,3669.211412183834,3723.610372205918
Tropics,SAT4,801,FFSS,17305.574195911107,17359.290113825115
Tropics,SAT4,47,FFSS,9711.092177848514,9765.7797786709
Tropics,SAT4,47,FFSS,15654.177151398744,15708.803759914808
Tropics,SAT4,3,FFSS,4271.643367806245,4326.284456547614
Tropics,SAT4,0,FFSS,4020.276313358369,4075.031809519563
Tropics,SAT4,0,FFSS,9962.9526046785,10017.584524972137
Tropics,SAT4,489,FFSS,3039.5211554931134,3093.327425183711
Tropics,SAT4,900,FFSS,13675.960007662714,13729.843167489464
Tropics,SAT4,50,FFSS,4020.276313358367,4075.031809519561
Tropics,SAT4,50,FFSS,9962.952604678498,10017.584524972137
Tropics,SAT4,41,FFSS,21093.15459575913,21147.796637611045
